-10037
18617
2474
22185
-17579
22543
-19132
-17995
8960
20888
3275
4149
-23616
7779
-3407
-1382
15318
32550
-23609
-3689
-8158
28934
7687
-3208
-4208
8409
-28294
-24829
13742
8955
11792
26261
-30597
7577
-7543
-28691
-21837
15522
-29851
17148
-6766
26697
24355
-19384
2595
16854
-12727
24990
9617
-14985
-12765
5310
25546
31024
-13967
-28614
-25640
12165
-6050
19218
-31151
-28089
-17024
-3573
15304
-18402
11842
26357
-23906
-22243
27958
-9067
-4369
10117
3530
-30906
-21524
22806
-12109
-11705
32235
-1842
-5915
25436
-2555
-22143
-30240
31247
8930
16421
-29688
-15895
-24266
-29768
-18826
29062
-13
-12426
12601
19711
30983
3207
-11755
-5119
22499
29652
12989
-29999
-26112
-21376
8184
-17025
27315
4641
27729
15111
-11643
-3831
-31497
-27689
12444
-1024
-16538
-30829
27930
19256
-14215
9570
-11661
31210
-10537
6352
27163
-12932
-7934
21925
423
5949
19538
-27116
30477
2926
15754
-15943
-16738
-1367
-24498
-9766
-32005
27902
201
24706
-11141
12498
14119
26084
4111
21260
12480
-5541
9823
-23372
-21577
-8275
7007
-13214
8035
-28129
-25611
3739
19440
8254
20394
-26590
23754
24630
32639
-5745
26884
-18761
-8617
23009
2841
-26462
-16874
5916
27946
-24599
28179
20162
-18248
-22912
30606
29980
5869
1912
19360
-23689
29274
-18691
-9885
2316
21438
-11997
16280
10432
26927
-27528
16408
23442
-30457
-21192
-3385
-10311
16753
26954
-29057
-5858
-31405
3856
-20406
-11166
24599
-1334
-4788
14440
-20523
563
3354
-17964
9714
-9046
-3300
31543
-16322
-6107
-29996
-31037
-32558
17823
4446
-26530
-13663
-5680
7575
-22824
-18605
-31312
-378
-14933
-17453
-28793
32192
2312
28311
13578
29030
-5140
-8415
27954
-13418
7910
-27857
19825
10094
20354
8487
31183
-17472
-8573
-10416
-21160
11531
3241
-20045
14954
17235
-31737
-5896
-12274
-31699
-5142
8470
19988
19988
-17015
-11113
-23086
-27556
-13326
3892
394
-4504
17021
19080
5317
26545
13970
-22332
-24752
27301
-456
-2124
29188
23691
-14914
10006
-1045
-21309
-13198
-15347
-2366
-28554
9025
3792
-8236
-27066
13413
11681
18848
-19156
-21964
-29013
-20232
175
13969
29554
-3892
4145
22971
-4258
-28871
28979
-20494
-16866
28946
-3295
29969
-19741
4868
1597
-17319
13867
32317
-6712
-29191
-12896
8593
8025
12005
32300
22814
-26773
13620
-16911
-21072
-11977
19197
-1664
23958
9204
-10853
21991
12345
31409
23992
28456
-16956
24680
-3162
31625
22726
-29308
-18265
-2548
-12698
23367
-30728
4316
10831
19284
5280
-20882
-29199
32486
9679
10654
-31887
-28122
-23095
-27819
-18709
-24497
-29119
-27521
-30794
-18052
14122
20958
-4088
-16490
22044
32534
-21320
-32692
14225
8252
9255
-7807
6203
15785
24762
-15442
-15651
-15819
2673
-15957
-27325
-12665
-23444
-13111
-13100
341
13592
27111
-14609
-19359
-25925
31233
31127
-23410
-20944
27537
9602
25799
-7016
-27412
9310
-359
12888
-73
-26754
-2889
11296
-18739
11399
-1083
9291
23240
30057
5757
30781
6122
-32153
7174
28904
24732
2823
113
-14328
31998
-6513
26339
27872
13666
-5279
-22727
28130
3012
-14578
-555
31952
-24512
3842
-23897
-29329
31470
-11269
-237
-31723
-32514
-26365
29833
12159
11001
13571
-25612
-24807
16688
28797
-9317
15695
13482
-18091
3190
-6917
-26503
-19485
19927
2266
-13797
-11289
16582
-3860
21913
12279
12475
-24930
5235
-16905
24005
28997
23614
-32334
-2389
18390
-26698
6850
154
6181
-24799
-10222
8995
10859
4567
-9737
18520
23738
-20424
11626
30948
-948
-32322
-284
-28188
2140
-9341
-13805
2238
18619
21116
-13756
5424
-22423
-31674
12987
-6024
-27714
-8536
14226
29852
-20701
32692
-9201
5958
-19128
-8350
-18399
-6913
-32221
13438
-2539
-13240
23324
-9857
-22816
11580
-29730
-26172
-28655
-28687
-17734
-13782
17981
20003
-22914
-7610
31039
-12991
13606
9521
-4879
-21146
-14732
-6445
-15187
-31432
23938
23431
17479
1598
-3613
23362
26357
1543
27461
11531
13639
-18505
22458
15948
23002
-13904
5795
-25773
-31888
-9770
21240
28298
9368
26315
-1592
-28606
-15740
483
-28030
-13082
-1243
-29954
29474
21076
8204
31894
-1457
-18491
23996
-11356
-27666
31549
15348
9444
8343
-15735
-24046
-13963
-27581
-8242
-17537
-13655
-20011
23901
31477
-24921
20750
27365
14612
7995
-4749
14666
-23416
-28061
12271
22560
-30020
-28879
-5862
30949
-9714
-7710
22611
-14220
9823
18902
-14383
27248
-2582
-13783
-29345
27602
-25775
3859
14901
-5893
-21647
-16526
14924
-32532
14161
27074
30003
15249
-2781
27474
-14915
18149
-10502
12782
-1729
5002
5808
-29027
-14382
21546
15467
-1054
-5679
-13522
16756
17586
32195
11559
-17755
-16326
-16650
-15463
12062
18832
7517
32612
30931
17536
7621
20194
4076
-13431
-18271
10367
-2780
-299
-10076
29628
-23235
-32680
-5012
28976
5322
-15064
-15637
3390
-6135
-10173
15141
-6137
-4684
-32430
-29165
-21637
-26435
21210
7383
24880
-32194
-23985
1233
-8936
-7642
3172
11328
-26073
-21251
-20396
-26674
20668
714
31947
23724
1482
-19373
2506
-19052
24242
-25092
10777
22612
25471
29861
1136
10482
27701
-14617
24383
29196
27810
-7769
11174
8213
-8230
-30957
18320
18799
14513
17524
-10515
-6252
