128
86
186
145
92
163
181
201
112
191
140
148
102
175
153
185
133
130
166
96
100
175
91
137
158
152
99
91
90
121
66
146
158
68
133
123
111
163
124
139
104
96
176
80
91
117
115
104
128
136
153
166
183
116
158
124
87
155
140
158
155
143
125
167
171
81
202
143
78
157
166
131
104
119
95
180
133
110
148
88
95
176
137
110
149
138
97
162
126
130
196
125
182
126
127
145
136
122
136
168
169
97
174
127
156
172
108
152
112
126
117
147
120
83
138
62
109
104
31
159
98
41
133
122
56
101
118
105
113
121
175
94
155
207
133
69
142
139
134
167
152
136
103
43
127
29
100
183
42
189
127
160
180
83
134
165
155
116
119
97
170
49
135
164
71
176
178
125
158
176
136
131
148
174
91
101
183
90
101
127
76
91
169
82
102
112
113
174
77
118
150
178
117
147
154
128
134
164
199
113
139
157
150
178
153
128
123
118
60
93
134
111
95
111
133
70
111
124
133
139
95
146
161
90
94
167
98
182
130
131
143
141
101
138
153
109
168
154
119
160
156
159
145
161
79
131
177
178
113
88
164
152
89
133
150
205
110
202
98
108
155
119
102
147
139
140
209
124
142
193
129
133
103
183
118
92
154
181
103
177
180
112
132
166
129
130
136
104
120
130
165
77
168
141
146
93
98
147
92
139
111
118
154
165
97
142
154
166
122
168
186
196
210
126
199
185
152
149
155
157
141
114
137
170
138
106
131
102
124
136
83
166
138
85
139
133
94
91
155
118
168
129
172
133
112
148
70
187
161
71
157
89
98
151
134
118
105
207
72
131
164
101
115
66
139
122
96
108
115
108
150
122
87
143
114
195
112
167
194
106
181
149
112
78
137
180
129
125
208
138
115
114
179
89
114
189
31
135
164
83
144
132
104
163
150
91
135
136
100
83
160
166
103
121
157
140
101
116
121
153
79
122
75
194
152
85
147
144
70
90
151
93
68
130
184
166
139
128
165
171
85
160
160
78
162
159
119
124
149
136
173
184
169
127
181
145
78
150
160
134
75
148
128
128
172
135
149
141
146
178
107
153
144
112
107
205
135
121
170
125
137
154
135
106
198
119
171
73
160
167
130
105
79
203
107
137
192
138
118
138
176
90
116
140
98
178
103
94
190
99
83
97
147
147
156
113
152
139
95
99
134
101
146
126
126
162
154
180
117
151
116
170
115
107
142
72
148
91
161
51
114
140
169
97
114
154
116
119
103
118
154
180
77
184
133
143
125
133
130
155
144
100
185
165
138
166
116
116
116
90
102
154
79
145
138
92
184
120
52
204
154
76
130
94
111
63
77
169
116
103
141
170
89
95
134
141
140
108
79
88
87
81
145
140
80
217
109
97
136
82
121
39
96
156
101
62
118
152
118
140
130
139
149
146
96
185
119
116
151
68
148
147
66
172
136
124
183
171
114
144
187
87
54
180
45
57
177
81
102
177
135
171
180
147
172
138
98
141
122
171
158
101
106
68
86
80
108
141
146
136
127
182
141
93
114
136
104
63
146
149
47
184
139
120
152
75
125
145
68
169
97
113
167
119
143
104
143
105
142
144
91
109
180
110
65
158
98
78
137
117
129
135
145
141
115
130
122
107
120
125
91
156
128
184
117
84
206
121
70
187
115
55
141
143
159
80
168
163
103
109
105
154
175
148
138
126
79
169
149
126
119
74
161
103
57
116
132
81
93
123
162
88
154
133
117
126
110
108
167
71
135
106
67
142
99
125
91
160
67
148
138
105
89
119
152
77
176
53
96
170
147
144
141
171
160
151
148
79
180
185
31
136
123
99
69
125
74
109
162
86
104
135
125
92
120
132
83
70
105
103
17
139
60
134
152
103
94
163
126
120
138
137
114
109
62
156
139
106
84
118
158
89
169
123
151
140
78
149
150
48
138
166
38
167
128
126
104
115
160
54
153
115
47
47
83
65
70
125
73
72
153
102
62
174
144
151
152
126
192
90
52
144
86
150
105
163
139
90
198
125
100
141
98
102
119
139
87
124
175
153
137
193
135
139
185
129
62
144
149
74
49
34
147
120
100
170
209
128
160
74
98
99
76
97
98
45
143
171
61
166
138
124
165
82
147
165
59
185
97
160
155
116
231
139
104
175
100
131
127
103
127
67
136
129
74
85
132
122
146
76
137
136
79
171
104
73
143
82
96
124
134
196
76
120
168
154
77
150
127
75
127
144
90
147
175
144
116
127
159
105
121
177
138
116
147
117
145
195
90
147
198
83
98
176
65
97
107
119
183
103
127
192
124
147
146
120
172
68
98
116
38
121
64
79
146
87
98
104
111
120
95
106
116
99
139
130
89
192
185
122
154
154
128
140
138
115
138
203
103
96
142
62
89
124
66
107
181
110
91
130
179
107
102
161
112
61
130
115
35
126
126
174
103
165
94
132
104
81
148
108
62
99
124
76
97
128
99
87
188
122
97
129
95
102
111
222
109
72
189
78
22
132
111
171
125
184
165
122
220
79
73
65
125
64
114
82
98
65
105
69
78
116
106
127
136
150
152
57
155
105
61
130
70
96
116
81
170
128
150
143
140
179
99
117
134
134
111
114
144
123
93
92
161
56
32
161
69
40
108
73
130
115
59
139
144
104
122
53
131
124
103
52
96
133
109
127
99
97
170
132
103
140
109
212
118
138
125
178
146
68
193
141
99
209
120
124
154
171
141
150
176
109
143
93
85
134
144
82
166
123
118
179
81
134
180
161
112
132
181
154
126
133
84
127
129
128
76
131
144
104
39
160
131
72
105
125
168
78
133
158
158
132
130
130
97
118
71
124
167
92
101
207
97
85
122
153
120
131
98
176
135
155
103
113
163
96
104
117
125
101
92
56
101
111
143
90
142
187
150
73
170
131
78
128
114
150
146
90
182
127
107
159
144
144
92
158
143
84
108
96
95
98
109
105
119
163
127
134
181
170
125
74
136
65
71
116
90
135
180
183
127
198
124
123
96
106
139
93
135
71
184
122
96
99
136
144
80
155
64
89
113
51
75
153
52
105
180
65
108
162
130
184
151
179
199
132
214
88
84
97
96
114
134
97
153
70
143
115
124
169
88
114
112
82
128
117
115
143
130
61
100
85
48
72
105
105
94
177
185
139
146
125
195
172
93
94
187
81
102
61
116
64
88
105
110
92
148
81
77
123
67
108
143
104
136
87
110
155
149
91
92
215
77
145
135
57
151
82
23
115
80
171
105
136
144
172
127
125
146
60
123
122
114
68
97
161
112
175
137
134
110
97
111
58
92
129
113
94
177
130
107
132
124
190
84
110
202
135
99
105
114
100
104
109
111
152
138
150
90
90
130
91
42
117
132
98
166
143
133
183
88
185
143
36
139
114
92
125
86
183
163
60
181
128
87
148
72
113
171
120
62
126
94
69
119
70
149
72
116
97
51
190
122
138
213
160
180
141
155
151
71
115
96
96
81
96
145
78
101
138
103
96
109
156
106
80
130
166
47
125
126
87
127
130
114
135
125
169
151
31
105
113
41
144
140
134
108
108
176
152
168
117
134
164
112
147
187
71
129
161
71
110
123
160
86
153
127
64
188
64
115
121
76
170
134
116
121
110
122
183
136
117
204
152
158
161
148
105
84
114
172
149
75
147
179
113
177
190
93
107
114
52
101
123
43
132
178
56
139
152
80
160
84
103
118
115
171
78
133
161
134
134
144
115
120
102
119
108
117
74
182
104
151
166
170
90
96
174
114
152
164
134
193
107
69
179
112
150
116
143
142
172
101
99
135
30
90
118
117
120
112
139
193
164
104
188
173
107
151
113
108
73
71
126
104
151
165
203
144
97
130
138
100
134
104
106
195
93
122
148
80
104
123
65
165
169
48
178
202
75
120
100
138
124
120
141
83
79
139
120
66
81
134
153
122
136
133
121
150
145
148
89
122
96
94
153
117
178
203
127
226
65
136
200
108
55
149
102
105
92
77
113
134
99
90
135
94
150
132
104
132
172
96
122
156
210
111
142
134
142
105
115
125
133
124
82
118
131
60
96
114
155
93
84
175
147
91
131
61
106
137
105
118
81
126
187
82
60
166
121
87
144
129
155
96
67
151
161
140
73
143
164
61
93
149
39
46
141
40
77
118
123
122
99
120
81
119
85
144
165
138
191
96
75
89
43
126
151
79
125
126
125
135
166
141
140
153
122
199
82
76
139
99
80
125
156
68
108
142
85
85
78
109
95
107
95
121
90
84
200
58
99
164
144
128
80
160
164
86
99
127
154
43
93
180
128
113
98
140
158
135
154
172
156
150
137
135
123
142
126
109
162
94
107
86
109
118
89
165
108
96
159
112
61
115
119
90
112
128
58
160
151
76
152
196
122
184
167
119
144
128
136
175
102
190
199
150
112
152
166
126
129
136
117
146
42
103
119
117
46
101
90
106
171
66
158
180
39
109
89
93
146
101
108
142
87
166
174
101
59
179
163
82
156
169
132
157
96
114
155
70
83
160
106
170
161
126
187
164
115
127
154
157
97
101
106
152
34
73
204
113
168
144
142
152
152
123
121
142
153
97
104
76
199
149
74
184
102
129
154
166
140
147
151
140
120
137
152
96
149
131
81
158
147
125
105
114
139
144
160
138
75
184
127
101
97
150
117
115
100
119
96
73
87
124
157
73
92
133
155
106
57
142
138
60
168
133
99
138
95
102
133
110
92
94
84
154
167
146
165
63
107
114
50
159
143
59
173
106
120
180
113
109
127
165
104
138
84
118
116
105
132
74
151
83
137
152
139
106
58
136
117
74
116
84
42
98
131
54
105
148
115
91
120
103
119
84
68
88
104
94
144
156
122
120
132
116
132
164
167
179
185
146
176
136
119
137
83
109
114
109
86
96
70
141
86
132
106
131
164
87
120
83
81
69
72
113
42
127
123
115
134
105
84
133
115
160
180
148
180
209
90
164
144
134
127
100
160
93
119
185
107
72
121
107
96
112
100
123
108
106
143
101
101
137
57
108
96
97
165
108
153
194
76
174
184
126
134
154
179
71
141
167
216
119
123
114
170
127
137
146
148
224
92
156
147
57
131
107
96
125
120
128
108
155
60
90
150
140
146
92
148
191
170
79
191
152
99
197
144
79
205
153
121
153
103
111
90
160
63
134
153
126
133
147
176
145
86
150
102
80
111
60
56
93
141
115
90
179
156
168
141
172
138
133
132
105
119
102
91
75
107
168
144
104
186
117
197
200
97
195
213
112
183
166
161
116
85
146
156
115
61
127
101
99
140
164
105
100
191
103
54
157
100
38
104
127
151
102
126
132
106
115
62
114
168
137
182
176
95
132
119
47
169
97
83
111
79
75
117
113
74
84
63
64
105
101
95
120
74
131
134
64
104
134
46
123
131
117
151
108
165
104
127
159
167
159
189
216
161
132
185
136
140
146
131
141
82
145
76
91
65
117
119
106
99
146
154
81
101
92
86
54
55
95
75
144
168
151
187
78
116
123
58
155
152
110
128
164
153
133
96
142
86
85
116
109
139
166
107
134
170
68
131
146
146
162
157
103
64
163
112
122
74
111
158
121
128
129
214
108
110
167
151
144
161
166
179
58
122
93
147
140
162
80
146
135
103
129
142
162
129
166
110
134
110
123
153
70
135
124
117
131
108
142
61
138
154
27
171
116
162
148
101
163
57
170
174
101
164
106
146
108
127
86
76
146
105
137
106
119
150
90
177
178
93
122
101
75
110
53
90
108
77
155
70
148
122
127
158
133
133
100
146
54
157
139
134
92
114
179
123
139
191
124
167
169
91
171
105
139
129
134
194
98
77
171
128
108
113
151
111
104
116
114
119
96
191
139
61
163
56
41
114
97
104
100
97
121
121
83
117
128
113
161
215
138
61
174
112
71
157
52
107
112
165
104
67
137
138
64
98
93
135
156
91
145
143
172
101
103
120
117
40
163
112
101
102
102
213
75
126
210
212
114
148
223
145
125
161
122
144
151
112
90
128
140
56
161
113
107
136
95
81
97
157
97
53
159
118
89
128
120
127
184
179
173
190
117
135
97
100
121
147
99
113
147
131
131
116
149
88
137
135
97
149
171
143
109
151
142
121
132
119
147
105
104
78
177
114
112
71
104
202
109
125
138
200
109
173
155
153
111
89
181
91
31
138
88
126
163
123
93
164
68
76
197
102
108
166
142
145
225
128
136
182
85
105
121
90
100
84
148
110
102
170
122
150
66
128
165
72
189
98
134
162
115
106
96
116
107
119
124
113
121
146
98
119
104
150
147
132
186
150
69
125
142
132
127
140
132
39
183
137
110
99
141
160
117
138
111
186
123
137
144
172
89
77
160
97
132
112
87
177
118
106
175
98
163
81
89
146
105
143
96
114
167
142
109
110
108
137
37
106
109
170
150
66
143
78
43
113
81
144
154
108
178
119
159
166
98
122
97
169
130
93
192
131
109
111
90
121
114
170
97
101
122
179
77
80
136
114
119
147
127
155
210
140
108
136
111
75
176
95
96
108
117
148
63
133
190
186
105
137
140
129
114
108
146
178
85
134
164
81
130
130
128
181
124
74
144
116
57
102
116
57
112
100
138
140
137
191
148
94
172
117
110
132
50
150
154
128
99
190
153
131
135
189
155
125
128
189
94
63
183
151
13
156
192
74
108
112
132
49
104
145
105
131
114
145
167
140
120
119
101
135
151
195
164
125
96
128
88
67
103
84
153
141
190
64
123
154
31
131
185
119
93
145
179
119
188
162
153
188
175
66
164
123
123
77
104
153
94
91
177
101
71
81
92
153
148
135
133
188
152
146
132
171
159
116
178
155
95
160
127
152
132
158
146
145
155
168
71
134
176
157
144
178
155
107
176
176
101
131
136
119
131
181
160
167
178
151
106
185
90
85
192
94
107
115
61
119
111
154
169
127
149
80
141
90
74
132
129
102
187
104
69
161
58
97
95
36
150
140
84
138
158
134
82
112
89
168
107
118
143
119
162
107
99
95
100
115
133
158
111
113
137
149
98
94
140
129
117
148
74
128
141
60
120
109
117
143
110
140
132
177
116
152
139
151
196
163
134
121
113
161
103
138
146
178
147
128
136
77
125
132
127
173
141
192
168
67
187
143
101
193
121
74
175
122
59
85
92
80
56
115
151
130
120
178
106
73
112
74
100
105
50
102
158
152
71
211
116
196
149
115
166
129
113
186
120
74
173
132
50
166
149
103
139
123
153
124
119
107
99
129
94
152
175
126
125
87
159
72
110
139
95
136
75
146
90
120
124
116
130
157
129
146
169
136
138
187
158
176
115
158
202
126
176
122
144
156
142
104
153
119
120
96
74
100
91
91
126
69
65
60
53
156
117
168
170
180
172
157
108
175
142
74
132
178
94
127
154
152
121
196
115
118
109
181
128
121
146
168
129
148
140
176
125
172
113
155
140
111
106
171
127
73
201
123
128
190
73
188
203
127
99
95
137
49
127
164
129
177
130
117
199
67
114
130
163
132
122
174
76
162
130
99
186
48
146
173
48
169
195
98
90
164
54
108
134
53
96
108
82
80
114
92
117
106
85
107
43
118
129
190
161
97
129
153
97
130
135
89
149
96
102
133
84
75
159
135
98
125
162
106
101
150
175
102
135
123
58
215
91
137
154
149
202
123
120
52
148
136
79
117
185
138
80
156
137
66
156
123
117
145
117
126
90
77
103
131
77
144
174
148
165
155
129
116
97
126
96
65
87
91
146
181
62
171
105
180
150
94
122
63
124
141
89
172
144
146
113
161
134
146
108
117
188
143
161
81
122
143
130
115
175
139
87
122
173
42
168
71
62
166
108
113
90
198
157
86
