112
178
56
67
54
40
47
9
39
63
0
68
37
67
205
0
103
19
11
104
0
0
72
64
25
101
7
42
179
132
154
0
236
23
164
52
82
10
98
149
117
102
139
98
114
134
39
102
28
96
218
0
164
49
63
220
73
0
56
45
61
45
81
89
77
47
0
135
0
55
0
129
13
114
33
51
113
50
199
64
128
75
25
117
67
254
150
112
17
123
123
185
0
164
5
0
150
1
102
34
47
95
0
83
19
145
248
247
223
162
80
0
123
15
226
201
54
162
137
164
171
59
123
101
53
183
203
118
237
0
69
0
141
191
145
0
221
28
58
35
63
0
44
20
14
107
17
190
0
44
8
43
132
110
78
232
190
172
177
154
80
28
194
23
110
160
65
185
155
74
91
17
124
145
120
0
89
0
100
42
219
35
108
42
32
70
0
38
25
177
177
224
149
0
122
58
164
20
119
96
151
0
57
0
50
13
132
188
0
209
0
28
29
64
86
60
0
6
8
78
0
7
26
162
75
175
141
162
119
120
25
173
188
126
127
86
15
80
102
73
67
143
0
101
44
138
167
163
194
178
134
3
84
23
0
6
14
0
75
4
76
37
177
15
59
44
84
0
126
28
93
126
121
100
67
38
75
0
15
1
23
85
21
251
51
53
121
135
41
0
107
4
45
107
37
0
101
1
176
166
115
70
104
20
76
176
90
124
10
5
56
113
15
124
81
164
108
89
143
50
148
40
202
92
214
48
161
86
0
96
118
214
105
183
81
68
64
157
0
227
11
121
140
110
146
34
196
70
106
143
98
150
183
0
52
15
182
37
0
52
24
132
0
151
56
125
51
120
65
53
193
30
196
84
108
148
65
126
0
160
3
111
16
56
128
172
0
95
0
168
41
23
133
122
137
0
45
13
84
24
116
184
225
73
195
66
97
98
51
0
100
38
12
97
8
171
0
18
78
12
174
0
161
3
96
64
54
188
76
135
199
66
246
159
0
197
2
167
147
212
40
42
138
0
92
40
100
164
54
44
258
47
52
82
81
129
49
127
0
32
73
0
0
191
1
114
118
51
70
241
87
0
30
7
38
153
10
108
4
162
68
53
55
41
32
0
144
110
33
0
54
1
101
0
109
28
62
254
17
44
136
39
36
6
22
0
13
57
113
92
59
59
10
162
43
178
19
66
89
85
28
0
8
188
29
157
0
39
0
82
0
122
159
105
167
0
100
56
20
53
0
33
0
162
10
30
83
156
121
187
162
155
104
169
179
156
122
104
5
120
13
158
22
0
0
3
21
140
108
102
116
129
82
124
106
0
87
22
48
62
0
167
2
145
51
142
42
131
15
79
101
58
55
52
6
176
3
236
34
159
133
116
83
0
60
21
55
139
89
61
0
83
8
26
1
65
173
198
55
190
0
73
0
42
66
55
0
114
1
238
0
116
42
191
118
0
53
9
0
21
19
0
84
41
160
63
0
92
27
25
151
137
80
174
148
130
84
239
61
128
64
0
67
0
24
101
159
153
0
0
7
9
0
98
51
26
0
60
0
82
12
178
57
152
141
145
135
94
67
62
58
138
26
0
0
39
25
58
47
52
193
50
239
16
0
128
16
184
124
98
185
150
16
105
84
212
0
166
18
42
113
99
126
0
131
10
0
32
0
49
0
122
0
0
81
19
74
0
85
28
142
91
89
3
99
149
85
115
0
231
0
94
12
50
75
52
112
105
126
164
26
114
92
94
123
14
42
0
59
34
28
71
140
197
225
171
60
0
102
52
129
193
11
216
21
70
0
112
13
127
59
92
143
41
54
2
103
0
2
22
0
67
7
0
72
50
27
13
89
97
126
81
115
0
179
21
151
10
0
10
41
48
62
104
24
0
129
56
234
221
95
77
0
38
52
51
94
48
38
94
47
181
66
208
127
69
268
66
0
12
10
35
85
0
1
20
136
215
176
11
155
13
38
14
17
22
86
42
55
115
32
26
118
103
73
90
129
157
158
0
152
210
67
80
179
58
74
127
80
142
250
0
183
0
199
25
59
74
87
54
55
32
127
68
178
54
36
128
102
31
90
155
150
116
216
106
24
66
12
61
53
199
65
145
25
138
72
117
159
35
23
73
46
75
82
124
25
193
94
79
73
62
50
91
0
121
180
0
114
21
181
106
229
0
196
30
144
151
152
54
192
153
113
96
56
0
84
1
61
207
102
250
71
61
188
22
146
46
70
0
94
36
0
5
52
7
58
4
101
35
0
54
12
44
40
108
46
84
53
43
0
0
8
67
168
53
80
25
66
59
72
160
141
55
183
67
77
125
114
37
242
46
46
32
34
152
194
167
144
67
62
128
141
43
73
34
87
122
145
63
94
141
92
69
21
139
15
0
0
10
24
105
1
35
62
8
0
59
15
156
139
0
0
8
11
6
209
6
146
122
0
0
0
0
250
17
98
32
134
81
141
201
0
117
5
0
7
25
178
116
182
146
30
6
0
105
0
64
35
0
9
101
63
148
183
83
101
76
63
62
21
73
13
26
36
41
83
144
179
117
136
58
136
85
53
35
71
148
46
140
110
99
25
28
23
0
0
2
13
2
53
48
19
112
0
0
6
41
137
126
44
0
21
19
181
0
159
9
47
66
133
130
90
0
72
11
120
0
133
4
167
130
74
83
22
144
0
184
0
94
34
45
178
143
178
119
183
46
136
59
41
8
106
27
74
106
35
53
109
19
214
12
116
225
146
94
129
159
59
177
20
0
71
22
47
61
76
174
60
63
4
35
190
70
179
10
52
0
46
66
22
185
35
141
179
53
161
169
214
71
133
0
20
11
14
62
8
0
18
13
160
168
92
78
0
20
38
211
205
37
161
41
28
116
67
164
92
83
69
33
57
0
74
34
163
0
107
15
111
229
75
201
216
0
145
1
101
21
0
81
26
142
138
18
151
41
164
250
111
108
48
55
11
47
41
109
63
64
117
169
33
21
174
4
92
87
182
0
144
7
138
7
0
52
0
18
38
127
211
190
198
193
37
33
108
65
0
5
41
209
102
246
42
197
110
0
149
3
0
21
15
21
11
10
65
26
0
18
0
74
8
35
131
98
73
225
82
85
175
81
0
97
38
0
134
0
58
39
71
73
159
113
107
0
152
10
144
143
185
96
0
55
9
9
7
89
3
46
144
65
32
0
0
15
6
88
119
0
162
65
163
136
48
220
34
113
127
12
86
74
87
0
62
27
5
115
15
129
54
51
149
0
119
25
63
155
56
50
237
10
248
0
167
45
16
207
54
193
55
134
48
164
57
63
60
80
90
15
9
26
209
163
0
26
98
201
131
0
80
1
19
106
0
0
4
66
47
57
77
195
0
137
27
0
4
89
149
15
61
129
122
225
224
25
123
127
113
114
163
12
1
120
164
0
190
73
65
57
42
0
122
58
17
121
4
237
111
17
0
98
113
0
0
55
39
97
197
55
191
126
8
87
111
107
36
91
17
11
194
131
115
74
4
171
0
122
99
0
65
19
3
96
41
72
0
27
241
37
247
251
149
140
27
0
118
13
254
232
29
122
92
33
104
46
134
111
27
75
25
28
225
0
89
34
87
147
158
0
131
69
23
108
137
0
109
97
43
161
59
34
0
38
49
154
124
135
184
31
62
93
64
8
23
39
206
140
73
83
69
9
178
113
192
98
83
142
91
0
65
0
132
7
149
71
117
58
101
169
0
42
0
13
234
195
153
0
31
70
159
5
177
119
39
0
68
0
129
243
25
101
0
214
0
21
58
9
156
30
0
8
44
52
0
133
90
105
129
107
186
88
68
35
122
145
38
172
94
48
6
195
40
53
112
114
0
159
201
123
198
70
220
158
179
0
8
128
0
119
33
0
17
0
233
38
164
35
38
147
18
0
27
65
177
156
11
110
74
115
3
0
8
139
106
140
97
124
70
198
207
111
203
0
21
91
56
114
39
0
103
93
174
65
33
146
15
157
82
20
34
50
162
120
33
95
25
136
6
45
99
154
106
76
121
1
42
81
106
84
33
31
0
75
15
236
23
41
31
21
0
16
0
73
79
32
37
121
108
114
85
16
44
228
18
122
11
0
190
2
46
105
0
51
125
43
0
19
89
100
23
31
105
78
118
149
17
227
1
124
66
34
0
12
35
84
189
99
76
16
0
73
0
67
121
82
104
14
43
0
27
79
172
44
165
117
174
166
87
29
95
168
58
0
0
16
74
80
21
97
173
69
67
22
124
0
123
40
123
225
153
111
30
41
22
163
225
119
0
172
21
55
40
31
67
84
139
0
31
83
138
93
104
44
9
53
5
111
31
149
21
49
0
50
69
0
0
203
108
107
177
23
128
121
113
0
91
215
147
96
4
55
179
77
49
123
4
131
16
20
77
89
229
0
80
31
7
0
128
4
42
94
126
35
96
32
16
19
146
0
210
21
63
243
92
118
30
219
106
120
47
87
128
141
45
211
44
65
217
165
0
72
0
44
133
74
186
57
190
0
48
33
153
33
0
191
0
96
84
68
20
64
57
196
26
196
91
206
55
135
41
210
25
198
42
121
39
0
0
155
56
14
235
16
126
20
58
102
130
0
69
120
97
111
0
21
113
170
60
155
143
100
74
34
46
178
84
109
104
85
45
192
71
113
18
118
26
0
134
135
55
74
49
20
0
123
2
29
36
153
12
56
82
78
0
112
0
145
61
129
0
157
36
162
0
117
64
98
29
0
104
80
0
154
77
0
141
69
34
235
0
63
40
73
156
105
54
173
51
195
120
171
56
42
68
0
106
37
176
138
99
204
0
0
10
64
0
37
53
131
0
74
0
140
11
114
60
43
7
140
105
59
80
39
77
10
52
0
0
28
21
10
20
54
134
42
128
194
0
29
20
153
161
168
262
183
84
177
112
100
0
210
87
87
7
39
12
0
66
40
0
61
0
171
0
133
81
0
170
145
28
0
42
23
85
16
11
138
107
67
94
18
0
42
0
86
99
39
173
127
123
120
164
159
44
53
61
29
150
85
57
0
174
14
175
182
25
173
210
49
165
0
56
53
164
199
9
142
125
63
0
67
4
108
116
57
6
23
146
43
57
0
74
106
0
69
48
0
169
9
116
40
51
28
10
250
161
0
36
8
129
116
0
83
124
199
64
46
53
0
27
14
228
190
78
16
0
84
50
162
99
0
106
152
162
184
99
194
24
108
198
60
0
18
98
133
60
0
20
118
21
12
52
80
100
36
27
47
32
16
96
104
76
22
141
120
237
116
9
134
127
192
232
0
11
178
191
29
175
26
85
21
146
110
172
0
219
0
231
78
95
136
52
25
40
80
9
47
93
225
65
6
66
108
123
27
194
164
53
177
68
176
51
115
36
21
69
112
53
196
64
124
29
17
8
43
178
110
20
68
180
82
125
57
57
158
52
104
0
18
136
0
147
138
219
16
250
0
171
38
1
225
109
41
28
37
130
55
77
0
130
45
0
78
2
100
82
47
0
176
166
113
248
0
102
193
0
4
27
4
105
83
75
97
0
80
171
166
110
140
126
115
16
226
0
0
148
34
96
32
121
63
53
141
86
66
61
195
75
167
75
39
220
82
151
57
13
49
104
3
17
162
153
49
19
72
88
88
20
69
195
81
103
243
35
13
140
93
122
24
106
0
0
64
68
143
2
103
186
163
0
103
41
59
12
0
0
29
146
5
173
48
57
4
0
0
150
0
23
54
124
190
86
81
108
35
0
2
105
0
107
9
139
95
56
11
31
137
0
80
0
62
101
61
164
97
94
142
71
32
176
142
43
75
67
150
38
56
12
194
140
96
79
14
150
0
62
38
147
212
116
11
139
179
164
68
37
168
168
0
0
53
134
1
14
0
27
32
0
0
0
88
52
246
27
0
63
25
151
0
31
137
164
157
2
94
134
0
143
81
123
0
30
24
34
138
5
1
50
11
0
116
0
10
13
55
45
106
95
69
50
115
156
116
105
64
68
198
105
63
89
39
87
111
168
94
167
206
94
111
62
91
31
81
1
46
14
10
183
55
149
112
15
46
12
62
62
106
198
194
48
0
200
9
55
181
42
37
114
184
142
55
119
110
84
0
154
39
22
84
156
0
14
177
157
64
117
92
0
39
6
35
14
91
31
68
21
162
26
140
249
149
88
68
25
0
181
25
10
0
165
150
58
81
30
199
84
0
1
83
129
1
0
0
114
111
108
20
81
144
57
205
62
125
46
43
61
186
42
49
138
177
132
195
187
52
152
101
69
111
162
0
93
61
209
87
0
22
3
132
217
134
146
122
184
26
123
29
83
23
0
275
3
1
232
170
11
137
155
0
148
131
0
35
102
36
11
90
4
145
0
102
0
6
171
145
57
18
11
25
120
89
165
99
0
76
241
0
42
125
162
92
92
67
57
141
6
0
97
34
67
78
148
138
0
77
46
106
14
1
184
133
71
78
67
0
0
98
39
184
141
0
69
62
3
200
64
214
97
93
58
38
90
7
15
0
110
5
119
124
27
34
103
3
162
42
41
49
102
144
23
23
222
8
252
0
160
147
10
83
171
172
94
1
85
35
52
21
0
13
130
160
144
58
0
0
24
4
138
13
227
10
190
80
204
33
89
69
138
0
113
27
84
21
0
113
41
61
22
181
21
0
47
55
0
44
75
50
149
33
48
114
153
20
24
79
43
128
33
17
158
143
46
48
20
83
0
163
46
169
46
78
112
0
218
90
135
128
155
121
6
130
7
0
246
66
238
37
31
125
0
160
0
138
159
63
122
173
52
101
52
17
70
14
78
31
85
164
0
97
51
0
8
42
80
3
124
12
132
0
197
163
212
45
225
118
114
151
85
122
241
253
0
0
24
78
52
97
99
21
158
36
0
62
26
17
56
88
20
59
51
94
4
124
69
29
14
5
175
12
83
0
35
0
111
39
128
0
85
70
98
144
86
124
22
27
0
214
82
0
168
17
53
75
33
27
131
62
213
0
0
13
30
34
84
81
77
189
43
122
80
4
30
56
17
127
102
159
94
8
11
83
124
0
16
9
201
7
52
92
19
104
148
105
80
111
179
178
76
27
59
204
79
72
80
100
64
2
143
60
226
28
148
215
41
160
3
75
21
180
137
155
0
8
99
68
176
0
78
41
23
93
73
147
171
197
0
18
93
55
113
147
47
66
33
109
30
0
28
50
50
86
61
107
56
99
177
123
66
47
21
0
65
18
99
32
98
5
29
22
0
98
160
0
219
0
63
8
134
13
182
11
96
9
0
18
106
266
92
158
225
91
0
73
73
72
136
63
177
84
4
90
176
183
170
0
136
0
41
53
202
117
187
86
148
14
0
25
2
123
130
4
25
36
103
76
105
98
157
198
14
70
82
144
169
201
112
27
45
92
112
166
0
192
9
0
14
15
0
172
0
187
23
200
30
56
99
133
5
58
54
47
7
11
56
122
39
0
89
20
89
171
165
178
91
6
126
0
134
1
74
166
232
0
30
133
60
208
0
50
84
12
59
162
11
107
70
123
118
0
201
2
0
96
48
132
26
98
100
44
69
70
0
4
31
62
182
92
40
155
7
53
86
48
50
107
168
168
65
164
168
8
62
0
147
102
186
0
123
243
101
20
20
172
38
6
72
65
40
0
11
36
81
98
103
32
44
154
61
12
0
33
59
9
137
42
33
177
18
145
212
79
76
21
83
0
99
1
38
179
0
142
219
0
107
25
170
59
125
123
246
4
76
44
63
45
182
56
11
91
163
90
106
1
3
0
4
38
120
74
197
201
108
51
227
83
125
155
27
139
131
43
165
100
0
45
184
209
44
87
0
0
235
6
105
106
30
60
62
17
140
5
103
0
120
74
28
168
52
65
76
183
11
44
0
66
53
138
217
30
83
179
61
41
119
114
40
15
0
173
9
108
134
101
121
123
73
110
171
32
87
22
167
220
56
210
73
0
31
4
36
97
178
26
0
57
125
44
75
0
53
7
100
69
107
44
19
96
184
0
0
80
72
7
63
120
45
124
191
136
159
146
30
158
27
156
137
90
155
91
170
26
182
23
63
2
148
178
116
12
0
138
15
58
100
76
231
79
0
69
0
30
17
42
212
0
130
113
170
91
195
26
117
11
68
39
179
221
64
234
0
49
33
44
3
24
65
254
130
102
172
0
196
50
114
2
42
17
122
32
15
70
51
119
100
0
45
11
47
69
176
87
149
0
127
50
175
243
120
25
157
117
83
69
201
135
88
99
159
85
0
34
23
151
148
117
0
98
0
104
83
87
162
5
163
151
164
146
98
164
86
175
15
69
97
101
26
10
129
58
23
20
145
3
79
184
92
116
29
256
0
0
1
37
69
141
1
42
224
90
246
95
42
230
21
70
29
0
208
84
182
113
90
136
133
0
64
186
177
109
248
16
228
197
270
125
68
176
52
64
72
162
0
143
10
121
69
143
0
54
15
0
33
93
0
56
18
155
41
49
0
6
47
147
130
0
102
0
0
136
143
83
83
83
94
0
0
14
0
82
49
64
201
88
89
4
0
184
33
62
206
66
85
100
0
174
145
21
85
63
81
56
32
0
19
69
48
38
125
131
16
106
30
175
118
34
133
120
0
57
4
77
19
76
6
236
133
164
57
14
17
15
114
112
178
138
142
76
189
12
0
138
4
146
7
190
53
172
20
63
89
61
176
179
42
81
130
48
122
43
217
52
59
27
34
15
0
76
1
0
0
7
15
167
232
40
208
0
143
54
0
93
21
112
56
104
23
153
224
75
35
60
221
86
115
40
210
48
26
44
80
140
22
92
112
248
37
164
104
74
32
109
62
0
12
50
131
75
12
160
0
167
61
31
34
63
71
173
67
108
101
30
92
17
174
17
0
70
6
3
0
53
1
22
0
0
1
88
16
174
107
129
12
96
55
130
185
135
23
25
159
158
74
121
87
37
39
81
36
107
23
36
223
32
140
85
93
157
35
187
68
46
52
213
128
158
104
139
32
82
58
69
28
127
32
1
0
70
60
0
10
26
68
0
119
24
51
202
25
228
189
69
153
114
0
61
132
101
18
173
110
153
79
88
208
0
0
32
19
107
61
167
79
165
11
16
0
30
78
154
115
136
0
209
37
200
154
79
148
1
49
10
162
13
11
82
46
94
180
69
67
147
115
136
141
68
116
20
0
74
19
88
0
96
63
27
171
42
79
20
155
39
163
67
0
99
18
15
135
52
13
83
212
216
0
148
22
68
35
40
25
0
78
10
119
38
132
37
142
149
17
20
92
44
187
133
167
163
174
146
16
183
59
12
71
218
24
57
95
146
18
0
93
7
210
5
70
33
157
140
128
82
239
49
239
193
155
87
142
58
23
37
19
88
18
37
59
127
8
42
0
70
39
122
122
137
15
90
48
104
180
222
131
23
160
92
136
121
143
171
198
159
100
90
9
0
66
18
78
134
106
101
34
32
113
57
83
69
0
107
82
0
39
31
203
113
86
122
115
86
0
169
71
77
34
0
0
5
44
145
0
65
6
146
173
169
60
95
78
118
43
86
0
144
0
146
10
79
156
108
122
0
47
5
0
163
7
0
112
22
22
131
211
162
82
44
71
0
45
191
148
141
55
0
93
74
211
84
237
124
79
42
39
92
1
125
82
104
192
157
113
128
176
201
118
76
140
51
93
129
59
103
3
86
49
15
21
30
90
71
45
0
206
158
167
164
75
48
83
205
155
121
110
64
82
102
44
248
131
15
189
29
69
36
84
77
4
0
34
41
0
38
23
208
0
64
16
138
69
179
13
164
69
71
92
39
47
34
107
90
89
37
23
136
45
28
62
25
69
79
25
49
66
1
2
72
151
76
100
44
91
127
73
149
172
119
0
0
21
8
126
34
60
67
175
54
44
55
47
129
122
0
136
17
89
190
0
166
17
92
14
94
40
0
66
1
0
54
10
44
67
43
253
2
77
76
160
123
125
78
83
154
97
221
151
89
106
132
0
32
21
93
78
71
117
0
4
7
150
208
25
100
36
103
28
0
8
11
45
111
62
106
0
119
0
165
26
61
148
126
49
42
46
16
141
36
39
108
6
128
0
115
2
0
148
7
117
161
81
119
37
177
155
80
51
73
138
18
121
49
79
122
133
107
0
0
23
0
66
192
85
59
81
75
0
207
7
226
108
25
199
97
57
96
1
43
5
96
53
102
77
237
92
0
91
0
162
32
120
0
137
0
195
31
111
182
2
167
0
213
10
0
173
48
169
26
40
40
18
58
152
0
0
6
1
67
62
54
148
14
83
84
32
52
31
56
17
58
9
163
73
126
45
34
10
0
128
11
104
67
145
220
60
171
60
141
100
0
132
187
63
236
69
183
32
79
14
81
75
46
70
17
225
77
39
125
82
137
159
56
48
195
8
240
0
119
32
53
138
0
38
12
115
149
58
185
4
182
0
12
8
16
168
13
173
85
44
135
0
0
62
7
217
7
130
11
102
160
191
108
73
26
42
0
30
79
121
7
101
17
66
74
0
94
9
0
239
0
55
61
22
148
76
239
106
109
0
72
26
191
133
57
224
95
138
89
172
52
200
31
196
19
183
212
230
139
234
0
75
0
113
13
23
86
170
64
150
91
0
42
13
36
8
187
163
150
56
65
17
44
8
144
11
157
57
116
226
121
207
248
150
254
71
53
0
113
12
0
228
39
0
178
0
105
38
210
148
205
116
95
67
53
102
94
107
134
56
175
139
0
76
37
47
49
240
97
78
134
68
0
149
74
201
205
60
0
25
7
23
59
0
56
2
77
25
76
21
179
0
103
27
0
148
2
0
30
1
126
169
81
138
57
75
19
0
2
37
54
190
69
179
61
19
63
19
3
134
29
82
196
191
34
184
226
50
0
111
3
134
0
79
185
44
200
119
144
61
88
32
35
5
0
8
51
28
183
59
64
144
13
200
65
0
29
41
68
142
143
47
114
64
110
73
101
39
114
52
0
163
51
126
18
0
217
113
0
179
57
153
126
60
50
96
115
58
16
78
24
224
113
121
23
31
17
124
61
116
0
139
36
52
213
1
216
86
105
19
42
117
105
45
32
0
46
119
32
0
41
95
42
38
42
67
0
17
51
81
100
55
9
187
64
207
37
56
0
142
20
63
43
144
56
72
5
5
187
0
152
29
106
223
95
175
8
221
67
137
61
129
173
0
132
15
116
11
40
209
54
95
72
37
41
89
79
128
191
147
150
40
0
74
15
199
49
93
18
0
9
24
170
148
0
23
6
18
53
50
182
160
88
138
0
0
16
1
83
130
18
142
171
60
69
199
145
118
81
199
186
168
114
166
50
209
94
116
10
97
13
143
145
61
75
0
9
1
64
32
110
40
97
0
128
0
110
31
221
102
0
114
15
212
31
147
118
107
48
178
29
43
13
143
203
0
71
22
38
92
52
69
91
43
118
146
57
180
33
108
1
268
38
58
162
51
157
51
118
21
0
65
1
81
190
227
98
208
0
130
7
93
191
56
8
8
15
112
104
61
139
150
91
87
65
0
185
2
138
124
116
0
106
0
64
7
127
235
112
182
111
80
69
156
104
87
79
192
134
25
137
29
1
74
35
206
121
124
77
31
23
36
57
50
76
0
0
8
38
112
75
149
20
223
112
232
9
98
58
105
131
35
0
13
25
152
128
175
17
226
153
69
79
42
101
233
79
195
100
216
162
83
134
109
74
120
82
0
105
30
200
89
31
0
50
1
0
88
177
95
230
44
243
37
117
0
62
1
20
134
0
149
67
216
64
160
151
145
104
185
0
0
5
4
39
13
213
8
115
150
81
13
11
18
70
0
21
201
138
0
124
11
166
57
200
58
138
52
0
61
2
71
161
27
118
23
38
36
95
164
160
111
137
0
79
59
160
151
48
6
5
11
140
255
24
37
8
19
18
50
94
181
50
90
80
0
79
35
109
5
126
27
101
158
91
101
223
161
190
229
152
117
104
58
118
16
65
23
37
97
61
0
57
4
0
0
35
62
44
192
49
193
0
189
50
0
122
29
112
19
118
75
85
35
90
99
52
30
62
195
175
155
82
28
114
2
194
154
163
24
138
147
218
60
225
76
124
208
42
19
18
9
160
246
130
0
15
6
168
197
178
72
126
76
186
74
87
88
177
127
6
0
3
32
64
0
188
1
12
0
0
18
3
27
19
113
10
121
107
64
190
59
156
202
61
63
59
112
173
121
83
168
136
127
148
20
116
218
33
100
149
33
221
100
55
162
219
152
103
120
167
48
67
101
103
87
24
118
19
158
79
0
29
48
0
139
11
105
165
166
70
40
20
43
71
227
178
141
140
0
174
94
89
171
19
168
73
130
70
198
0
0
7
1
168
20
142
72
169
114
146
0
134
100
180
72
98
0
95
18
99
20
183
93
6
64
4
69
16
18
56
35
93
15
39
13
241
110
190
134
90
98
28
0
14
0
100
0
35
0
90
18
66
94
78
169
117
25
105
0
33
34
24
108
29
121
45
13
117
151
143
130
125
132
130
3
0
3
5
144
66
112
65
89
30
44
43
4
35
164
39
211
95
69
120
92
89
13
64
16
6
173
81
62
162
18
0
12
33
261
71
149
27
129
112
178
155
189
71
241
194
125
34
151
125
180
109
96
26
127
75
36
37
42
165
0
71
12
67
21
168
9
165
46
66
162
172
100
14
8
12
158
201
134
159
173
45
252
53
156
0
89
21
64
64
111
63
14
33
115
38
64
42
0
55
5
0
169
11
233
59
109
142
30
102
0
11
18
126
52
0
0
67
50
144
0
48
7
118
122
134
216
202
218
160
37
103
0
144
0
223
98
235
41
135
75
0
49
3
0
90
39
0
41
32
252
54
196
101
162
195
89
0
68
180
138
103
95
0
115
5
126
209
161
209
130
235
64
113
84
49
114
102
119
182
56
141
28
156
145
79
104
2
91
59
75
19
21
4
30
71
117
167
59
56
101
0
149
11
120
43
153
138
87
234
56
172
101
146
143
47
215
51
60
11
80
80
86
108
84
25
125
0
122
11
0
103
36
175
0
124
60
58
190
113
166
77
99
99
134
36
4
24
92
78
150
16
163
12
40
107
12
10
97
35
191
71
234
8
115
44
164
126
129
122
55
119
73
77
148
19
0
0
11
14
157
2
75
192
189
58
24
212
53
52
150
0
83
55
90
105
0
18
60
115
19
155
18
0
203
37
0
126
62
23
200
87
71
29
151
146
92
29
13
24
136
127
91
14
25
153
23
89
0
146
27
159
23
187
125
0
238
167
161
249
79
21
6
34
138
0
75
14
197
243
53
46
0
218
0
35
241
108
123
22
29
84
175
6
16
113
90
1
100
76
0
110
84
0
117
119
34
63
92
131
177
189
4
41
190
89
145
101
23
244
47
150
26
100
0
0
46
57
39
146
123
73
87
218
0
53
148
153
10
90
131
21
1
25
0
162
103
21
88
6
5
192
78
0
235
0
74
7
126
0
125
9
36
146
36
28
9
95
0
210
109
0
17
113
124
38
98
88
237
58
74
0
0
36
64
105
68
10
137
5
25
133
106
47
0
9
101
81
151
165
136
88
47
48
193
0
39
79
240
101
74
23
118
4
177
23
25
43
58
164
76
62
216
141
20
142
175
36
150
70
201
64
80
155
28
116
92
28
13
0
4
226
204
42
0
21
125
83
0
0
112
159
169
239
81
236
30
95
0
37
0
6
137
20
58
86
9
144
24
0
95
80
76
77
105
144
58
176
25
162
65
3
152
0
211
119
15
35
126
53
0
77
0
69
15
0
219
0
4
78
34
84
16
214
29
45
0
44
106
74
134
67
90
50
18
73
32
104
40
18
69
188
126
86
220
79
247
0
70
0
0
102
35
82
214
56
126
27
0
28
91
23
93
149
127
134
99
86
127
232
55
146
17
38
128
125
85
177
98
95
78
148
116
30
0
167
77
0
249
2
0
110
0
89
36
65
65
212
104
80
72
81
133
6
15
32
168
123
129
0
12
121
79
27
220
28
137
117
107
0
68
27
189
125
102
0
15
26
114
4
0
32
17
216
46
238
12
98
41
115
156
0
52
10
0
6
79
125
137
80
110
39
17
15
0
6
47
42
119
92
143
38
14
1
42
81
85
201
39
22
131
84
118
97
72
0
0
9
123
0
115
261
40
27
19
159
2
76
64
108
53
0
39
31
210
44
166
9
58
80
145
80
0
49
33
83
85
108
10
91
78
53
124
195
14
91
105
0
46
53
134
233
0
165
188
0
156
78
129
88
63
55
112
112
68
0
28
186
113
98
37
149
90
41
74
144
22
0
126
126
60
248
206
51
69
84
131
3
51
210
31
134
83
37
190
59
0
27
34
125
82
88
49
0
109
135
72
20
16
8
38
9
68
66
146
0
159
26
92
22
99
52
66
142
35
204
0
37
151
141
191
143
143
53
135
39
64
162
82
151
0
150
12
164
159
55
19
92
68
71
79
21
11
81
77
19
74
210
98
0
207
47
117
114
20
14
0
115
21
226
41
0
56
138
10
186
65
126
88
137
246
0
0
54
89
67
3
32
3
129
127
213
173
138
36
60
120
70
21
110
0
141
174
7
170
9
99
11
182
63
184
42
0
24
56
4
67
157
160
204
0
36
0
176
72
12
65
0
132
64
81
87
138
3
161
71
163
95
16
158
4
23
0
68
16
16
133
120
1
106
1
84
123
98
37
32
226
5
258
31
40
143
14
20
80
208
113
0
61
111
159
94
169
150
126
0
138
116
14
38
1
21
139
25
28
144
194
26
176
20
146
10
0
56
124
11
140
76
0
86
0
82
228
89
205
98
26
226
146
26
136
122
53
140
44
31
129
17
24
25
176
24
169
129
102
72
12
123
13
39
120
260
0
0
121
3
87
70
43
8
247
30
181
148
52
228
93
80
71
0
168
62
62
49
202
89
202
143
107
174
160
81
152
227
252
154
36
3
34
20
43
167
0
165
0
164
25
94
41
128
0
83
2
0
47
143
182
61
21
30
156
204
0
50
158
47
150
0
64
8
173
47
156
158
166
99
100
0
0
64
3
203
85
133
130
86
146
103
13
157
94
49
95
50
175
31
0
20
76
196
122
85
68
117
107
0
70
58
99
161
29
76
10
130
184
26
98
70
147
25
0
151
65
143
116
73
9
39
76
67
148
40
6
5
23
145
109
128
63
86
92
105
0
157
108
97
1
62
131
113
160
211
94
167
97
27
208
153
81
45
121
175
141
124
129
63
101
21
0
25
54
0
0
159
71
28
17
117
188
0
206
37
0
70
63
118
57
150
103
84
173
72
56
97
38
18
180
46
56
9
0
71
133
74
97
198
29
62
78
130
47
176
9
76
136
52
13
143
46
32
166
111
0
141
130
95
8
226
61
14
92
136
61
106
163
61
182
8
0
15
11
196
0
114
60
1
0
0
33
26
23
223
42
7
59
176
12
126
87
86
58
63
15
42
0
160
129
169
175
122
145
112
5
105
197
100
133
101
65
252
187
241
181
237
174
13
88
32
95
122
138
101
122
105
101
64
200
126
0
9
88
0
113
28
58
175
138
74
53
96
251
131
65
164
118
169
0
21
115
44
180
30
156
105
136
91
58
0
0
155
1
117
180
84
40
69
74
135
0
64
31
192
109
44
0
22
22
171
91
0
1
1
110
21
151
78
0
145
76
7
38
26
128
193
70
25
27
89
0
25
0
103
105
150
0
182
90
26
170
69
61
77
40
18
189
93
0
179
241
22
55
71
81
131
128
162
65
116
0
21
37
95
28
0
52
24
21
65
147
42
153
3
22
34
150
111
74
175
91
166
34
156
55
162
46
86
40
142
37
199
107
116
11
0
235
80
77
83
167
106
118
28
66
93
219
115
48
77
39
37
25
164
77
57
49
50
6
76
7
124
16
66
0
20
108
108
201
102
8
108
133
161
81
67
106
20
134
200
37
195
132
131
60
185
259
28
92
0
110
87
80
66
131
24
89
50
31
15
21
31
0
110
97
0
22
24
14
38
116
178
168
30
0
140
86
6
50
0
0
90
97
102
0
155
168
20
16
31
80
149
162
145
44
138
0
212
0
237
23
31
131
142
29
0
126
128
0
109
16
0
18
7
40
11
37
42
37
128
201
0
111
91
101
177
47
0
125
76
13
91
278
45
233
224
64
80
97
19
150
91
36
15
67
144
153
30
164
17
118
24
88
40
14
95
2
75
39
22
11
47
49
149
13
0
97
122
13
125
138
171
136
228
82
176
13
28
225
162
121
137
127
17
80
9
67
120
215
47
79
0
155
21
0
92
194
127
0
60
44
236
84
126
118
79
149
109
51
28
25
79
47
74
39
20
180
6
1
73
149
25
81
96
74
27
254
5
124
44
54
27
0
0
121
82
96
0
133
99
100
131
148
13
1
63
0
91
52
210
51
183
208
174
102
161
210
18
10
66
8
13
50
125
126
3
170
41
1
60
17
0
64
19
80
104
44
0
109
2
97
26
0
234
0
51
1
31
139
72
0
243
47
236
194
117
17
91
151
0
70
2
127
39
143
41
11
80
65
118
154
127
70
123
183
129
98
68
217
0
6
100
144
54
218
236
54
91
54
4
112
49
140
77
116
152
0
196
36
153
101
111
47
0
125
13
62
72
35
87
173
21
140
99
15
183
0
104
9
83
157
146
143
105
45
51
0
122
23
162
6
45
64
186
0
253
68
2
94
14
204
160
118
223
36
206
93
66
210
63
105
48
15
116
71
145
152
170
102
99
252
136
131
46
166
189
25
88
39
97
119
125
76
56
233
238
0
25
40
114
0
60
99
0
0
7
52
0
166
7
54
118
23
174
12
0
222
76
162
72
0
38
1
95
52
140
0
115
16
183
0
34
32
118
0
52
27
168
93
121
23
0
200
32
165
183
36
166
104
82
0
71
19
22
145
29
44
98
107
162
10
67
110
69
147
71
164
13
120
10
249
75
61
224
61
201
6
84
18
56
96
0
8
31
77
0
109
8
108
110
67
60
225
132
14
180
22
136
121
66
245
97
7
96
68
35
132
16
101
78
88
69
181
20
11
43
0
56
6
123
56
7
121
100
176
177
120
61
30
62
40
12
21
0
64
14
22
184
45
109
45
108
25
20
4
168
87
126
105
131
139
149
124
135
112
23
39
107
174
117
244
111
10
92
0
52
16
0
240
6
203
37
18
2
99
183
127
76
168
127
8
56
106
125
48
12
94
94
173
85
142
143
168
247
28
112
77
19
172
0
186
7
140
74
120
59
0
56
174
23
45
9
35
155
16
77
36
163
49
21
138
8
86
116
137
79
134
231
190
178
18
152
124
71
35
46
35
230
64
132
254
103
52
18
64
196
2
103
93
151
119
39
62
33
38
140
70
0
77
6
93
26
204
178
59
57
140
6
27
220
119
202
121
197
117
39
113
0
100
84
104
108
4
141
52
194
0
139
0
83
17
204
0
182
24
15
181
114
10
185
61
154
120
172
145
0
198
102
0
67
40
188
136
158
0
159
67
84
20
66
22
0
152
12
128
100
0
111
5
208
120
104
163
66
106
107
248
55
155
34
193
0
41
28
114
0
153
24
23
66
118
94
6
118
35
0
15
14
97
14
177
6
55
126
117
17
220
119
108
100
42
42
181
127
0
79
12
146
119
179
123
56
63
115
230
113
55
162
110
106
179
199
21
54
10
2
221
132
64
39
5
112
25
136
60
28
8
66
169
0
23
8
224
39
125
166
0
166
17
134
0
55
18
250
50
250
169
28
78
47
175
63
73
102
152
43
94
125
16
0
150
0
50
18
151
11
51
141
94
31
18
64
149
188
32
14
159
119
63
126
188
116
0
72
41
101
18
102
0
209
118
151
1
67
25
111
116
37
52
139
80
132
123
123
45
103
25
29
248
205
92
0
67
53
138
102
81
29
0
103
80
101
4
98
41
79
161
177
30
41
91
177
163
100
50
154
202
15
23
33
141
0
100
65
39
16
87
163
92
103
7
39
93
56
54
20
26
119
63
14
84
107
41
219
183
10
61
157
25
8
0
216
69
203
192
155
159
34
140
0
208
90
34
30
8
102
25
77
236
105
154
16
64
167
42
139
69
64
184
18
20
39
4
202
0
0
79
27
129
10
102
24
98
204
158
190
20
98
66
181
149
83
102
0
89
71
32
17
93
50
10
141
20
138
51
27
22
26
144
205
36
90
96
197
85
90
153
119
33
54
118
0
60
31
0
93
12
0
226
32
9
21
12
67
100
42
0
55
25
110
161
0
106
62
43
21
213
0
4
72
0
14
130
33
80
129
83
62
142
101
0
0
19
13
15
4
28
34
165
133
106
25
14
253
84
169
54
117
50
71
182
192
179
0
173
130
232
76
72
1
0
130
123
83
161
188
237
71
23
178
64
88
55
116
91
142
152
25
158
43
103
94
112
38
182
0
22
66
122
0
55
6
14
36
94
0
144
0
93
92
54
126
51
0
87
1
0
48
68
201
0
189
45
154
35
242
0
151
147
33
28
166
114
0
175
24
199
44
59
30
0
229
11
108
196
59
132
62
0
110
59
90
86
56
72
155
1
100
50
92
10
185
13
189
158
223
98
101
0
98
86
31
117
141
0
10
25
155
0
65
18
191
130
55
140
204
149
87
124
3
94
65
45
109
153
0
133
70
118
16
108
54
31
28
37
5
202
114
114
0
48
14
114
30
32
78
117
12
170
55
115
124
25
96
32
88
189
0
208
96
129
164
137
136
134
69
0
62
0
31
8
6
64
20
126
149
9
133
149
131
50
184
123
90
77
183
123
93
0
180
108
18
13
61
119
60
86
228
27
189
0
79
0
263
47
12
90
23
138
130
185
92
48
186
214
54
162
0
9
73
15
44
36
0
99
1
159
197
158
171
72
119
213
110
80
126
0
121
0
67
6
69
78
196
103
75
7
153
109
45
105
61
4
124
123
69
51
112
109
80
17
110
224
178
0
71
68
94
46
51
63
211
0
95
76
38
44
22
15
94
13
12
49
117
204
19
0
90
0
28
0
236
147
182
74
32
203
61
60
53
19
148
114
0
115
68
111
0
151
0
9
40
7
31
173
16
33
200
61
92
156
16
43
99
58
149
104
19
94
150
202
66
152
130
175
7
59
122
148
1
129
161
245
0
165
4
150
129
25
68
128
106
158
47
12
63
63
50
10
35
207
121
52
74
0
0
57
2
176
45
154
155
137
58
112
99
101
200
154
111
85
75
220
0
0
86
8
190
0
22
78
0
105
73
111
187
142
34
159
78
9
121
120
0
38
144
27
267
13
237
21
36
73
46
140
22
47
96
61
113
92
12
52
0
50
0
82
81
21
70
0
0
92
155
53
76
185
93
86
39
91
187
156
154
170
29
45
37
101
131
17
53
125
36
67
77
71
136
35
170
0
95
112
45
48
36
171
61
91
85
131
11
0
67
59
0
38
87
23
15
0
101
45
89
64
75
29
1
89
27
192
125
75
195
210
47
85
45
49
61
131
168
208
51
101
15
92
7
23
79
177
97
0
138
11
1
0
76
15
47
7
18
109
19
4
117
61
218
211
160
127
136
55
110
111
224
26
62
81
88
0
0
66
196
150
105
103
42
157
226
0
158
4
172
54
64
169
16
74
143
180
117
239
95
0
12
9
7
54
0
158
16
139
97
64
122
163
219
219
122
61
107
94
45
84
139
166
190
226
210
91
123
12
170
21
86
3
83
177
90
2
118
32
0
55
4
144
83
120
0
66
1
108
42
0
62
0
129
9
284
65
114
0
110
35
233
192
114
40
125
122
0
111
40
2
105
79
202
150
124
211
41
44
116
61
79
50
124
51
70
23
0
32
209
1
157
123
91
60
195
10
9
48
15
86
168
206
241
0
200
30
180
91
95
23
0
26
20
27
31
70
83
16
89
80
84
148
101
0
174
27
105
7
121
64
241
164
79
0
29
56
22
208
46
143
0
0
52
40
3
122
46
117
98
129
76
87
81
14
52
95
97
30
230
74
115
63
63
31
184
70
141
12
48
216
61
94
26
106
52
132
23
50
117
74
115
113
143
0
24
5
26
6
86
18
0
0
28
4
0
37
1
46
10
33
49
62
0
81
38
161
68
0
35
51
13
209
31
0
217
43
191
0
21
31
20
0
122
54
172
125
121
141
0
38
19
125
126
19
110
39
217
0
73
7
82
89
138
70
179
26
158
82
178
10
239
110
24
114
18
29
57
87
44
110
5
184
198
30
27
74
168
106
0
185
4
178
0
139
0
117
83
147
139
116
22
94
30
87
20
123
4
200
40
117
49
45
94
56
21
62
10
86
11
25
122
135
106
0
29
91
68
61
203
1
170
11
105
125
80
108
46
210
21
151
0
138
21
135
31
13
71
29
76
4
120
65
105
136
31
47
47
21
77
51
32
167
204
99
63
69
155
202
138
121
166
0
28
43
0
147
57
203
37
118
64
43
220
66
140
57
92
224
110
118
169
44
136
38
30
117
143
152
137
128
155
142
104
92
76
18
0
46
11
229
90
146
47
0
22
154
191
107
99
100
36
82
76
79
16
124
2
173
54
71
96
4
71
17
35
0
80
172
35
36
75
88
43
58
6
24
104
0
109
72
98
70
40
84
184
37
91
36
74
22
14
50
53
31
0
52
43
88
44
1
1
76
158
6
114
85
10
111
90
83
192
220
143
143
186
104
59
44
10
104
103
43
17
0
107
0
118
21
75
0
234
29
186
173
138
182
99
73
123
134
53
47
0
61
1
0
118
17
88
137
115
0
212
10
83
1
43
12
0
19
14
108
213
0
85
30
5
49
144
68
79
190
127
134
125
218
152
12
0
98
19
34
0
68
37
156
31
57
2
96
28
219
0
19
3
40
8
194
103
113
39
60
112
210
46
114
140
79
188
0
112
0
48
5
43
189
87
54
34
62
21
44
156
60
227
10
108
125
212
97
134
119
122
15
113
36
140
88
91
123
138
42
91
239
66
133
0
62
40
19
161
214
206
0
152
59
56
0
227
28
199
81
61
104
24
22
70
211
180
154
226
47
80
35
0
52
88
45
0
156
5
60
58
225
90
69
214
105
179
3
29
110
160
29
158
62
234
99
40
0
96
21
28
65
141
0
189
10
102
182
145
176
70
158
63
20
74
21
63
101
126
16
152
66
148
162
164
91
0
62
15
139
189
144
147
0
114
3
96
108
162
163
40
51
35
96
67
72
27
5
189
160
49
243
11
157
65
82
0
30
5
80
244
136
249
86
85
52
11
140
54
99
108
46
30
57
14
193
4
100
54
109
88
92
71
103
117
0
13
0
138
3
131
168
37
82
0
65
54
114
106
73
19
133
170
100
118
136
97
127
55
98
63
87
58
72
74
30
59
3
8
0
0
10
0
71
9
50
90
22
215
100
227
87
124
120
59
148
32
92
0
131
237
118
5
51
29
82
78
38
134
136
14
232
48
100
67
97
127
17
8
183
80
3
175
58
87
34
0
102
0
0
75
71
0
162
10
106
162
156
71
37
221
0
78
82
45
40
0
247
17
166
124
221
0
4
6
0
2
8
52
104
61
67
46
63
17
0
0
43
1
8
14
33
42
135
55
98
95
83
102
141
50
67
5
44
89
51
68
177
0
57
15
120
118
63
185
0
144
7
85
238
58
254
105
30
179
11
177
7
86
92
100
67
59
191
24
126
127
108
111
118
0
17
0
8
0
35
11
67
35
38
70
21
0
130
49
154
130
95
0
60
4
0
43
46
10
0
163
5
101
69
148
49
130
133
55
30
40
34
0
239
39
176
147
50
116
0
54
1
158
55
51
25
120
0
178
98
185
177
185
136
54
6
168
4
45
170
41
137
200
72
165
44
215
0
95
17
47
125
17
0
11
7
5
0
71
1
80
46
82
133
7
78
61
92
89
113
34
8
46
14
0
101
35
79
21
88
22
17
53
21
60
87
94
249
0
85
32
40
85
8
118
6
0
158
42
80
218
20
90
37
38
142
0
151
21
284
34
100
20
108
139
0
129
0
12
17
2
251
31
126
2
55
120
29
175
115
199
13
166
30
171
156
196
0
107
118
107
151
18
114
15
90
88
51
208
0
66
39
62
104
101
115
111
56
64
98
58
4
185
143
111
81
0
104
0
23
245
41
0
11
11
49
118
187
136
226
21
233
70
121
254
0
87
0
41
25
77
40
154
15
129
81
19
107
115
6
0
119
30
10
83
47
91
34
89
152
195
45
180
0
87
29
11
196
41
105
77
0
55
14
48
41
174
162
106
86
165
102
109
219
24
0
23
0
122
4
108
74
161
223
137
208
99
110
98
125
48
7
0
8
15
68
41
112
0
83
28
131
22
194
66
60
50
41
173
121
72
27
177
34
204
19
81
189
13
179
205
165
133
230
198
51
115
0
88
114
133
59
0
249
24
157
164
113
145
34
226
66
81
65
88
22
63
86
2
127
21
141
60
0
0
62
193
108
98
111
125
124
76
112
94
16
111
13
65
116
59
225
0
0
12
15
52
0
6
3
0
196
6
106
34
213
92
110
96
133
53
154
0
175
1
31
236
41
43
26
212
59
60
26
80
36
120
95
47
146
3
59
58
38
0
67
3
65
141
0
0
96
155
241
109
241
22
164
109
13
52
50
59
104
118
207
216
96
125
2
53
3
62
47
10
19
142
83
48
217
139
247
179
183
203
199
60
113
12
231
90
0
73
58
0
109
105
20
211
0
150
63
107
62
42
51
4
142
27
78
84
201
6
97
221
94
124
67
111
32
207
162
117
114
62
20
8
56
29
21
186
0
198
17
172
0
120
7
57
10
58
3
59
4
14
13
38
130
38
197
31
202
226
99
232
6
11
32
52
0
0
189
123
121
204
48
250
146
220
0
206
60
49
187
64
81
69
137
109
151
88
74
59
0
4
23
13
56
0
15
92
56
86
178
105
46
36
203
5
102
214
144
60
64
249
153
162
78
219
38
40
22
89
59
1
100
127
51
93
0
112
27
0
35
52
42
30
4
0
42
5
14
28
0
170
0
32
87
97
86
87
0
199
116
109
117
94
8
173
218
0
99
13
78
57
10
146
99
48
202
97
111
134
21
93
172
168
100
30
32
0
19
136
37
56
97
108
51
48
102
6
76
59
218
97
227
64
0
213
149
68
126
142
119
0
93
69
72
139
49
119
61
106
30
100
0
235
0
164
75
33
51
76
99
73
31
40
0
130
53
96
32
111
68
160
0
27
119
3
147
147
97
50
68
96
12
82
124
104
191
37
115
119
88
117
96
51
167
249
145
123
195
35
140
28
61
19
19
48
95
39
124
149
91
28
55
43
0
3
58
147
4
159
133
0
0
34
52
0
21
2
26
134
112
93
132
0
252
100
196
88
0
74
2
33
179
154
0
14
49
235
0
55
6
104
0
34
202
26
137
24
124
0
164
79
69
175
65
74
136
221
0
95
38
84
143
94
49
136
64
155
62
129
90
131
184
33
112
43
93
42
90
33
172
186
206
174
26
154
2
190
59
0
109
156
184
0
93
38
198
13
163
125
145
76
98
52
32
87
213
80
62
99
0
51
34
117
16
7
113
66
65
138
105
89
7
118
0
2
4
122
0
136
121
32
37
88
137
5
150
101
196
46
46
0
65
63
40
197
57
99
115
69
7
159
244
49
52
80
116
47
28
164
130
60
43
51
57
0
38
58
194
52
40
45
0
54
69
0
205
95
188
1
46
224
48
180
63
32
21
95
215
148
7
31
122
110
131
239
76
143
23
11
104
55
91
104
29
61
57
0
91
128
1
137
62
57
0
54
27
38
110
97
144
11
140
42
261
52
66
2
83
189
33
143
95
108
49
269
135
183
91
0
19
20
126
38
68
160
67
129
149
17
75
94
115
228
107
161
1
40
137
26
61
62
29
92
11
0
56
125
105
34
200
61
62
141
174
12
100
151
38
122
4
146
132
70
1
26
102
10
92
107
82
117
20
135
0
73
0
25
135
6
0
119
195
92
197
208
154
261
84
49
178
212
103
0
30
58
0
141
237
90
17
26
0
104
84
33
11
9
68
0
111
84
61
77
0
30
34
168
94
185
170
8
151
195
93
118
71
75
102
0
100
147
57
0
58
102
107
6
104
11
90
25
100
0
8
51
101
40
135
15
102
55
203
21
157
170
84
3
92
136
215
2
0
34
134
121
75
74
158
87
54
35
198
234
70
90
230
202
126
179
16
65
2
187
39
96
77
181
31
181
228
48
58
95
228
154
10
0
17
103
82
219
127
52
0
83
0
0
0
29
68
87
186
147
194
20
81
61
109
59
149
117
105
73
44
98
26
55
27
0
141
47
152
191
29
130
105
115
133
167
149
151
73
62
173
172
127
81
237
90
0
67
61
27
104
156
0
28
42
41
32
147
144
9
75
123
28
30
63
63
187
140
41
192
94
98
42
81
4
0
163
115
15
214
167
55
0
108
40
89
103
168
76
126
124
149
3
175
20
207
129
200
156
14
106
9
149
45
155
0
151
178
5
214
16
55
65
35
80
1
53
0
183
102
81
238
201
25
201
128
95
21
136
152
64
82
22
19
0
37
181
129
206
13
215
27
74
0
90
63
54
33
53
30
38
50
167
9
152
21
22
110
36
96
124
56
151
45
35
122
84
234
0
0
54
91
113
19
127
38
154
69
73
44
75
1
58
60
38
46
127
0
132
150
1
7
52
7
97
12
147
135
32
11
108
215
142
87
10
143
95
83
23
14
90
145
89
27
14
0
117
156
0
115
69
0
187
39
93
129
14
144
0
132
0
80
96
87
24
0
162
108
73
10
43
0
2
38
0
0
29
201
119
78
37
72
101
121
0
0
45
4
5
3
182
29
132
167
20
37
98
116
78
122
57
77
127
1
138
7
119
0
209
14
213
48
120
84
0
232
159
109
9
149
21
122
26
59
106
179
57
19
96
95
29
15
114
153
92
228
201
48
6
0
21
137
78
0
44
166
22
51
68
40
95
0
158
36
78
63
30
0
139
35
0
73
69
192
0
64
54
110
17
243
28
88
80
26
42
2
147
0
237
7
98
179
22
173
0
109
131
22
166
39
80
27
0
176
105
110
65
150
24
104
4
164
161
51
137
123
79
156
95
226
41
184
0
61
42
125
205
78
0
1
42
120
0
113
13
195
68
23
87
238
141
30
82
149
111
97
12
66
12
0
42
53
55
49
40
50
9
53
69
62
205
0
62
0
83
91
32
47
19
7
162
7
127
215
210
135
12
197
41
96
37
0
141
93
1
182
171
96
72
97
0
137
0
23
157
15
162
32
121
57
116
81
18
154
3
122
66
52
39
167
236
196
0
179
69
39
49
57
1
113
25
80
44
212
0
167
44
236
67
181
41
71
141
46
180
18
139
102
18
115
76
0
63
170
9
234
89
0
115
117
123
11
138
129
11
135
134
73
95
138
0
138
0
60
172
99
26
201
34
103
189
167
43
150
84
55
26
101
86
66
27
95
58
186
159
54
163
141
0
160
53
36
121
11
189
190
0
103
89
128
53
158
122
154
104
55
130
117
165
21
0
7
0
137
44
53
64
9
9
145
90
74
90
47
26
164
57
0
79
35
145
11
18
0
60
143
3
8
80
0
21
212
181
120
35
23
120
14
76
91
44
51
22
91
60
137
122
134
193
10
12
161
150
117
77
159
250
0
229
70
150
24
95
118
65
105
128
30
61
178
79
90
50
70
132
139
121
41
0
0
143
163
7
128
122
154
206
73
20
165
65
179
63
189
59
143
31
0
0
183
14
223
0
63
190
0
105
8
230
45
186
88
145
84
155
166
142
0
170
96
22
21
38
186
39
135
32
85
80
180
71
56
41
74
120
10
92
119
93
0
131
136
72
33
0
0
173
91
109
15
52
55
89
18
115
152
15
111
75
149
201
131
23
93
3
168
28
131
64
174
130
44
32
224
147
1
85
5
30
120
82
56
159
53
79
94
0
107
101
0
31
88
23
97
0
95
45
15
20
13
60
5
1
162
123
53
193
126
190
79
34
71
25
173
64
158
106
121
28
77
10
20
12
89
34
73
0
89
58
167
0
72
77
35
0
54
13
39
1
166
163
84
131
27
200
196
190
54
87
204
33
45
76
0
0
0
218
77
142
165
189
160
68
190
0
115
3
79
65
163
150
119
10
211
186
179
6
71
98
153
102
172
81
35
65
8
76
42
0
110
48
217
43
0
26
48
119
23
0
0
169
66
67
102
156
48
250
35
142
0
4
33
91
89
92
140
125
96
127
131
56
173
12
129
121
152
154
137
4
0
211
0
101
177
39
0
117
6
103
117
48
70
46
39
0
98
14
73
0
192
6
58
93
98
85
49
105
73
32
51
17
35
10
157
7
120
99
150
23
14
0
38
50
0
150
24
56
45
7
50
0
53
33
24
185
154
119
178
23
0
126
26
259
40
182
107
25
14
161
201
45
118
84
49
55
117
121
0
29
34
74
89
232
0
107
2
40
90
30
0
103
18
18
118
167
101
0
24
34
2
79
211
174
174
225
183
172
124
47
11
20
48
110
129
55
126
5
51
176
102
91
34
56
0
101
0
13
15
145
24
110
49
108
97
0
158
26
150
8
61
156
0
166
53
174
40
114
29
135
0
66
0
127
49
17
235
0
195
0
28
27
21
122
79
0
8
5
3
0
151
31
185
91
140
47
3
210
235
126
74
50
175
76
47
38
235
20
161
216
55
0
241
15
102
227
4
144
0
145
2
182
51
0
119
53
0
128
2
207
14
197
22
29
97
66
0
117
43
96
68
46
86
137
24
141
0
3
50
43
237
99
189
120
228
8
200
200
0
41
57
67
132
121
0
207
111
204
61
161
33
166
182
42
101
99
102
101
86
46
111
22
81
54
89
115
25
40
106
123
142
113
33
86
48
156
39
0
143
108
235
13
179
75
107
86
11
0
240
87
104
94
188
33
179
177
55
149
95
6
105
148
0
167
42
46
25
0
138
21
17
0
138
5
26
104
57
9
26
44
87
216
78
92
58
33
180
0
174
7
126
85
169
198
127
0
156
0
47
1
88
228
9
164
0
129
67
104
134
243
26
135
166
117
137
49
72
173
0
96
11
30
160
74
104
142
124
170
80
171
0
35
8
168
7
223
77
150
156
127
65
111
2
0
217
49
146
92
24
112
80
67
0
109
0
25
67
115
155
24
154
168
161
134
204
35
89
0
151
0
0
0
19
0
54
33
191
15
1
80
0
58
17
81
120
4
231
109
95
76
71
71
119
65
119
75
75
230
0
52
151
69
0
179
125
32
268
127
130
55
118
105
41
115
0
203
105
119
76
21
142
186
118
77
81
150
55
103
34
0
243
89
174
113
16
0
196
0
0
11
103
96
147
127
0
40
19
140
72
0
134
0
70
2
137
202
166
8
189
148
11
137
149
0
174
198
218
23
209
68
43
130
0
0
30
29
35
174
1
106
184
64
17
90
0
124
7
58
99
0
30
34
19
0
6
8
126
142
122
11
180
152
94
105
145
45
156
50
52
63
108
55
0
74
42
106
171
149
186
0
161
4
126
119
21
158
208
96
59
0
62
0
59
21
133
0
88
14
76
0
108
20
167
130
0
60
81
0
3
56
0
24
14
12
209
0
64
15
64
54
58
153
60
26
166
131
77
131
140
62
0
11
3
205
3
66
33
0
0
21
31
0
47
1
116
0
15
0
63
69
204
119
65
126
93
61
153
94
193
7
108
85
0
0
66
9
54
249
75
215
100
172
196
0
59
7
98
41
164
250
134
94
130
15
70
0
129
28
42
41
32
41
0
99
70
0
61
0
73
0
86
31
0
160
54
77
0
157
78
140
120
12
105
24
93
31
59
0
28
0
138
123
91
63
29
10
89
121
43
125
142
52
114
1
121
59
0
58
81
1
209
166
62
36
138
174
0
101
12
126
47
13
198
75
223
0
150
14
48
123
58
53
36
137
30
3
0
116
7
0
66
51
0
43
17
204
130
26
65
18
1
57
0
126
31
177
36
0
173
16
193
42
176
27
0
23
30
167
74
82
79
0
2
18
124
107
16
50
59
136
38
116
18
36
202
97
42
0
35
50
49
22
0
116
55
168
127
105
29
95
43
94
48
176
91
117
29
0
16
90
174
41
88
126
102
26
82
244
0
157
123
80
109
23
203
0
105
16
110
76
0
221
0
130
102
68
93
60
87
44
142
32
49
138
26
108
43
52
142
115
122
91
208
103
86
45
113
201
191
19
182
18
168
60
141
102
137
42
61
1
84
80
102
71
56
220
135
2
67
27
93
117
96
0
19
214
0
64
6
124
100
152
0
194
1
175
31
187
126
97
27
56
189
60
0
116
50
174
82
74
134
86
64
28
63
90
68
102
0
109
0
0
6
1
92
168
104
117
51
0
80
11
229
115
145
112
85
21
101
0
0
77
49
175
51
90
46
138
103
69
140
62
24
49
210
77
38
177
146
150
69
84
54
141
108
233
221
149
236
62
32
49
48
102
164
60
10
84
110
67
158
105
110
131
0
120
0
0
80
72
98
3
130
0
156
0
16
33
166
106
0
0
20
20
20
45
96
105
139
0
0
84
0
241
31
149
198
46
92
11
51
0
110
20
0
207
69
240
47
101
147
17
93
0
103
0
9
50
85
75
164
171
76
178
83
143
188
68
114
13
43
34
26
38
46
125
30
103
58
193
117
52
25
163
142
14
118
26
114
162
158
72
63
123
0
0
94
15
1
85
110
108
156
0
0
133
5
226
132
29
0
179
49
236
0
154
27
54
100
19
40
154
0
155
34
85
0
33
104
120
112
105
130
233
122
0
236
0
58
22
148
153
9
119
94
34
233
20
110
97
104
13
210
74
176
58
30
25
12
85
229
157
61
109
165
21
111
3
50
8
0
33
15
233
36
191
9
5
56
133
15
99
30
203
173
101
0
217
20
90
185
77
74
6
132
161
79
56
163
62
0
73
47
15
33
69
0
165
33
202
44
68
135
0
16
48
122
200
52
205
91
110
225
10
119
81
68
125
101
64
0
17
57
67
0
157
133
55
10
48
138
38
0
102
79
34
14
0
19
19
192
164
5
144
69
81
64
92
10
29
103
61
78
0
43
12
84
59
77
256
24
35
86
182
89
43
0
92
68
105
20
0
87
4
126
32
193
196
124
118
67
245
48
120
7
0
230
81
0
60
148
171
205
124
0
25
26
0
28
75
58
6
90
41
116
0
162
0
142
63
40
78
152
85
176
97
78
50
40
0
10
5
0
67
25
122
23
123
5
201
77
151
0
247
16
17
15
101
126
0
76
21
81
7
118
111
153
142
27
142
0
0
40
9
120
124
0
24
61
21
28
50
244
58
56
9
106
17
198
82
0
78
26
139
251
35
114
77
62
216
34
123
76
77
103
177
86
180
63
218
0
129
52
31
204
10
179
207
97
172
93
