-6943
-15069
7863
1041
146
11047
-24718
-15749
-27981
10552
-14761
-29808
-30048
14256
8540
-28501
13395
24206
-24007
-23748
16651
29496
-18270
-19128
21751
-15112
22125
-22365
-26672
16816
-8347
18607
-15312
12229
3383
-32114
-401
25270
13159
-6570
14190
-799
-28940
13963
30013
-23833
12136
-30702
6535
-30460
-11275
23191
12043
-27753
-26285
7200
-6311
-2406
-14411
19980
4413
23143
11980
-4564
13427
5833
10312
26665
-11132
2902
-8585
-12822
27365
-4790
24877
-11904
-19788
-20559
27271
30925
-30393
28410
16411
27834
-16776
-12471
10560
15236
9260
-150
12991
16650
-6475
-20160
-29401
26774
-13397
12335
18432
31012
-14628
18138
18823
20589
-5368
23634
-30463
-28823
-22082
8132
-14830
11101
4188
28817
15520
-21279
30513
-16325
-14584
22720
30799
10659
27969
-21473
22582
2148
2392
12953
-6690
-25169
16648
30289
27179
-12737
22004
-3634
-24386
10455
-25453
16457
-31325
-23354
21686
3484
9117
-32764
-16931
-12787
13570
-5318
-6685
-28851
-11328
14502
-7756
-15492
-7317
-5023
6047
-189
23627
19750
-14810
-7279
-11199
617
-25534
24231
13336
15863
-1982
28455
12421
29273
-3014
-6993
21013
-21049
-18433
-8309
-18335
-14890
-12132
-9323
-22302
20733
10923
10266
18905
-8489
-32666
13892
17547
-16854
27432
-28174
-31733
31931
-9756
22727
-14505
17489
-11318
-20594
-8244
14319
12927
16636
23579
-15212
-26771
5337
16781
20252
17856
-50
15333
-26758
-5326
-12235
339
-32352
32650
30221
25663
-4953
-27236
-18734
18402
13134
12955
-7954
-5090
-16725
-28390
-25798
10043
25405
29184
3100
-32460
16566
24797
-29468
11335
-6559
-16178
21781
-10514
-9724
-24657
-8687
9823
9494
-12551
27234
27905
31180
-1741
7687
-2321
-19961
18455
26167
27219
18708
-3955
13655
-6902
-6149
7221
14733
-11282
-14818
20430
5481
-27375
-1793
17163
16569
-5539
15023
25398
-24266
5371
23968
-15482
-18780
3757
-25387
-6634
2779
30783
-13502
21955
-13768
9605
-10526
13486
-8034
-21333
-27799
12516
-6200
-10565
25326
14308
-8527
-10945
-12252
-28733
-11975
10954
29032
17293
16923
-4116
-1760
-28330
-3966
-5106
8253
-30021
-1499
30702
6497
8473
12153
2547
-20268
-22865
-20703
-26074
12889
-7816
-4935
-8250
27154
-23138
-1114
-14048
-13034
-18313
-14547
-5050
10437
26490
-11273
16478
-6128
-22748
-28159
31514
-27405
15785
28053
-21754
26679
-14305
-13754
17139
-21892
29368
-3809
15531
-4062
27292
-32608
-27852
-6234
32029
17732
11442
27289
12338
19141
-14772
3073
11701
3910
-27810
-25010
-1535
9985
6049
11999
-18747
-14406
-1045
-18291
29422
-3128
-7804
-8126
-3231
12868
-9760
-18452
3782
-2202
26367
-4839
-14641
-1151
-12824
23227
30141
-19895
-23972
6768
-15667
-24861
-11323
-19819
1571
-23635
16739
2056
11009
-6445
1353
-5635
-14080
22822
-32411
9928
7324
15769
-25123
-2927
3418
20384
-17860
9998
-14323
3650
-30505
-15643
12559
1301
-23654
27670
28237
-32624
-16012
10898
16313
-10883
-9270
7521
-15758
20891
-4558
-12991
8587
13603
20243
-19117
-14625
-7068
-8447
1999
-30101
21689
7629
26862
6198
28277
-7984
-12666
-15722
28703
-28582
16755
3675
-16718
-11333
-26995
3498
-6734
-31956
15449
14653
4003
16836
-15163
-3836
-16957
-27171
7579
2954
-2496
521
6270
4597
12821
-8108
-9149
-10348
23736
-4625
20722
20576
22391
-17297
-27294
3886
-7882
9066
16999
-18075
816
17520
-16908
-13981
17760
-18397
-15551
-5310
-22000
32683
9094
7578
4685
-4727
-8033
-15612
14203
22643
-14583
19615
-5005
-10124
-12074
-6825
-8371
-23838
15950
-3480
-26538
11617
6155
29297
-8051
-21547
-31242
-8406
-13840
21911
-26868
-24945
-22378
16582
-1451
29310
-28491
17330
15065
32112
-30798
1208
22926
10159
-6101
25455
-24475
32686
-16058
7236
10484
-28508
3665
-29167
20421
18617
-23483
30411
-10609
-726
2957
-27349
-6055
-20291
-31691
-10587
1883
-14574
28173
12016
-29845
-29683
-3690
-24602
11615
686
27319
6253
19408
-20762
-20328
-22268
-20081
-8450
-29336
9220
-17465
-18731
19213
32685
951
-16101
-15702
-2507
4612
24282
16667
29233
8892
-32028
-18944
30088
27347
-7623
-15208
-25208
-16010
20844
12065
9151
-22138
20405
19843
-28811
-8855
23600
-21872
-27108
-11139
-23163
15559
1869
-25591
17225
27646
4046
-25182
-21417
24104
192
15184
-9137
-8702
-16887
23077
-12710
11384
24482
23255
-12403
-13102
8843
3605
-9336
28673
48
-22438
-4448
-27654
16986
21473
-28178
-1203
-31557
28604
22633
-27823
-24123
3715
-8625
-27948
6334
-13824
23242
-4041
29068
17171
2160
-31239
2534
19595
31132
-15518
-16878
-9979
15707
8010
-28581
17994
-19320
-24323
22349
22087
-26642
14098
-11217
2649
19274
-4201
-24188
-8207
19198
4336
-32122
13737
25860
-8839
-27852
-12867
3241
20127
-2604
26666
19218
-26819
-31306
-1262
-15188
-31203
29706
-28634
-1867
-30552
-27597
-24625
-8304
-14294
-5570
-18671
6754
20418
26439
-20262
-20747
-18386
-10557
18536
-25993
-9330
-14342
-25180
28848
-25678
-16599
-22158
30539
-6072
-29480
5341
-21649
7037
26075
16891
475
8061
-27375
25062
-2291
-5704
-5163
18795
-20695
-5068
-1455
-10710
10388
7505
-25967
26462
3370
30850
-16023
6783
-9915
9447
27473
-25933
-6500
-30239
-15725
21926
-26597
-27068
29602
-6651
-21652
-9708
21018
15344
-17652
-18553
26333
4822
-25802
-20189
6067
565
17732
18773
949
-14702
21588
-7205
-19776
-19215
-57
5047
-23874
10319
12186
16995
-24744
-13767
24938
-12897
-27524
-28519
10998
-15225
-24162
23153
20474
-32160
3578
-8456
25793
-8523
-37
-5299
-31085
24105
9595
-4856
-1907
28360
26623
-2447
2529
26971
-26586
29908
-1058
17505
-17915
20150
-12942
24731
2859
7344
20676
-28988
29278
22157
-27904
-7145
4904
-12198
20023
-31221
19496
21425
18862
-12978
30970
-18554
-23851
25484
25322
2692
3066
1561
-1436
-2711
-16178
-18468
21237
21323
-10228
-24969
-12795
-30527
31728
12665
20832
-27313
2902
-24025
21353
24712
-21439
27837
17862
-29432
-7474
-23786
-28863
-27579
-26434
28381
-18944
24508
21542
11669
3260
-30159
5855
5554
22654
-14554
29513
18688
2714
26012
18934
-12213
-4685
-19306
72
-21291
25353
-2208
7171
-27276
-811
-10180
-5273
29139
-23247
-27121
-1861
21758
-27684
-21203
25466
-944
16438
-9870
27427
-29100
6863
-4069
-17263
-9954
-9371
18774
5893
-14314
-2813
-20394
30318
-29845
-2354
24001
27016
-16605
-29733
-14517
-31584
31637
28578
7419
-21137
29149
1099
-13254
-31723
23436
-32671
14198
-24302
21814
15047
-13832
-18431
-19699
-26184
-15594
28831
-22256
17797
23303
-23370
15036
-6
-18487
-26510
-9436
2915
-24220
-13190
-11470
-8321
19010
-25607
-19471
18782
13106
-18972
-7816
15901
2076
22009
-14115
-29237
-31076
8358
-14849
-26001
6042
-24969
14083
4880
15264
9210
8556
-16862
-15313
-10587
31303
1754
23269
31553
-10996
-22970
-29911
-23687
-8165
-10088
-908
4985
-19337
24439
27437
-7690
-16906
17487
16486
-17910
21778
-8686
8188
4764
26750
32488
2166
19484
-14566
26216
9160
-30847
-27014
15782
-7572
-23681
29732
-4613
20206
24602
-31306
14239
13080
-3158
-22951
-5321
-30795
28379
24568
-405
153
-13931
-24734
31719
-23168
-7276
-14622
-17225
-13951
24231
103
-12406
9127
-5561
-23101
-22296
16577
-26357
18854
10410
17265
-20668
-2557
3880
-22892
-13627
-31079
7876
-30862
-25478
14083
-26377
24779
-12551
-4418
-24013
-5017
11633
30964
6614
-24698
-17412
-19991
-23974
-7342
1097
-22185
24437
-6119
6613
3560
-25402
25939
-11956
27548
-32327
-355
-5919
15115
-29071
25434
-21041
-26419
10741
10388
-31446
6700
-12965
10020
-3074
17928
-17935
5221
29764
-3546
-24837
-32358
-2100
-29659
9482
-2388
17301
-8382
29626
8098
10632
14881
-18195
-13227
31327
6906
13621
-17122
-3836
-32254
4632
6659
4706
19737
-30572
-6065
8839
21271
3062
-31830
14106
-2817
-434
23788
27923
5580
25831
24416
11660
-5087
20672
3133
-29441
131
24713
-14253
-11848
-32405
11046
25091
-5637
-13675
-24922
14115
-14681
-17238
-19692
-25776
32103
-21158
31063
-20047
-1723
4859
-11632
-29659
-17636
25005
27771
22702
-31395
31168
-10093
13099
32030
-24014
10798
30374
-14032
-7298
-23532
19673
14902
20571
-12341
30189
23028
-14131
-8826
16976
30400
21207
-3528
24436
-24509
18568
-21439
-5861
15673
-7713
26889
8265
-28339
21383
9997
-2769
22525
9763
20253
20440
-31076
32099
4825
21867
23571
-1769
-28354
-26008
-27397
-6204
-15879
-10850
-28947
4414
2358
30419
31660
-32533
24788
-31665
8271
21932
-11270
-5701
-6811
20678
-28422
20674
19033
-17220
20292
-6421
-6155
16565
-1677
31193
-8932
-31763
-19726
27802
12317
-13033
22464
28247
14683
-11358
-16397
-16590
15879
4768
25214
1515
5158
-7263
-15129
10247
-23928
-20221
10993
-10077
-23329
-24756
15918
23136
28674
6516
25836
11982
3291
-29462
20144
27434
-26977
32526
13601
25082
-6308
-7916
30579
5265
-17148
-26678
-5258
10898
8016
10695
-21419
7513
-8748
17887
-3521
7834
-5144
-5502
22598
20847
3262
-15991
-12450
12295
18890
26055
29803
19964
6544
-10240
11115
-25288
25123
30210
7410
21343
-2273
8304
13753
28178
8194
-5556
19903
24632
-6710
14656
-9277
16879
-2034
-7270
15114
26509
-30963
11916
-15113
-4995
-27086
-18682
-24751
-24439
-2006
-15823
-18992
-15549
-24976
-27720
-23347
-28281
-32671
6661
-17038
29558
-29830
4188
9470
12341
17952
-7849
9776
4730
-23049
-28687
-2834
-3579
3541
-18855
6507
-16756
15455
22705
-20094
18654
-28636
30133
31057
-20375
25602
20714
-31983
-11989
32658
-13191
19485
21825
-123
-3714
-30684
-2975
27145
-12409
-9373
-24444
11101
25314
12454
26139
167
-9184
28246
-15394
9919
630
24559
-9275
382
-22194
31630
-19542
-58
-30253
-10234
-2902
9786
-12859
-2203
6343
-8449
-13120
20658
20895
12708
7200
28498
11975
28169
9855
1553
-3975
-565
22866
24252
-3002
5518
27286
-2585
-19779
-8720
-26225
-27268
9778
-20358
15035
-4428
-11540
20992
-3195
-21908
217
-703
3859
15472
-3690
-13179
-21705
22171
-848
-18074
-17394
-30091
-24269
-12205
23707
3031
-4477
30571
3108
16632
-18217
29213
10061
-2494
-10438
23361
27701
-30198
-7579
22183
-21068
17578
10309
-1302
8819
-2852
-7051
-26459
21262
-3228
26138
28266
-5391
31133
-25539
26257
7731
-30995
-10292
8932
-17152
2401
-21102
31751
-19710
-11738
-22139
-5931
15179
4140
-1248
20064
9066
21458
-24959
-10810
-13511
4360
6305
-28824
8524
-10527
-7944
15256
-18839
18088
-30276
9217
21201
22670
-15572
15495
-1520
-2056
30737
-20702
23921
7003
10327
-17948
8179
-20315
-31040
-9321
-22553
9943
-12132
-17163
20359
-1502
-3028
-11854
-17035
25215
-23531
15167
18933
28353
20887
-14929
-11444
28585
-23011
-29655
18023
-10704
-6321
3309
-20641
19702
-31250
-20614
-16883
25963
-13271
11988
14789
-32270
6806
-18240
10509
-31327
16480
30184
-6786
28908
-27724
16760
28446
-31272
9182
-10439
21115
-9350
4323
14568
-9572
-17960
6232
-22136
-497
-26770
18708
15048
18818
-22674
26311
-21139
-3874
7579
30063
22864
-6884
19578
29864
8264
-17209
3475
-10815
-17596
19223
-4066
10739
-4907
-6924
9806
-7326
-7704
-23155
22421
-12108
-2796
-19997
-6739
-26817
-13993
-4655
-24056
-26208
-30545
-18838
-25828
11594
-24377
27238
-7767
-481
-11329
-27994
-10896
-25018
3664
14738
-29716
11669
31857
4742
-27337
-26310
-32087
-12670
12437
-14565
-24422
22375
9848
29822
28660
25100
-1050
12972
-9840
-13025
-356
-19964
-31102
-25041
-26291
9957
-14165
26912
11251
-14234
2421
31580
-15219
-17005
15400
18720
1258
11534
24484
-7201
20235
12491
-21951
-11696
13134
-77
13032
-206
3773
18150
16926
24579
-20886
21455
25401
25552
16743
-22341
15599
-13329
11954
-5653
3824
14139
3839
10829
27429
11978
-3117
-18782
29427
-21580
-24203
-26561
20280
-11811
-4187
-17333
30206
30121
-10605
-9682
-15238
-27537
28886
-770
20950
22555
10401
22550
-14629
-20502
28689
4747
-3359
-16560
18508
-32506
18982
30847
4705
-28453
1413
22267
-30938
-31634
9444
5079
-17364
-18270
1026
27089
-1586
-26125
-8563
13066
-2532
-29700
4590
27804
15600
-13619
5986
-9478
-26212
14408
15706
-26351
25044
-5915
-28475
-349
27009
-30785
21065
-29552
-20333
14221
-15052
27761
-22216
-30135
-3288
-19155
-16261
15365
29198
-30726
19049
18933
15703
23262
-30641
14658
7093
-22864
-7835
-17855
-7220
1909
-14487
-31074
-14824
20073
-2783
-16942
-23739
-30623
-18787
3069
-18598
5260
23940
-5681
-28647
-4066
8637
-11756
5401
-27232
32626
-8314
-12181
21702
28043
-21741
13086
6497
-24180
25370
25274
-9569
-14710
-10338
12512
-20363
-13237
-14718
-23493
19684
28509
19703
-9618
-10247
14849
-13267
18568
-9245
31642
-22783
19786
-9562
-12636
18934
6851
1413
584
5093
15145
-21984
27008
15420
28542
20307
-23634
-15700
-32129
16723
25952
6195
-28346
18555
4329
-22162
-21409
32669
24982
-1933
-20176
31136
17603
13194
-22294
-10685
-15252
-9617
7745
-28512
4069
32084
30093
18967
-14383
14815
8654
-27422
-5005
16510
9542
-23664
3829
-7966
31805
18456
25501
28895
11724
27083
-26662
-25899
26012
5054
-26041
-30137
4417
-16249
-16076
-29786
28720
10914
-19578
-7214
5696
-12599
23437
-17795
-18093
5916
-16662
-17260
26252
-19850
20138
-31991
-4097
11633
2207
-28620
9423
-10990
2145
18049
-16053
-17628
-7675
22977
3399
25598
8202
-27167
11091
17362
-25176
29291
14158
-9159
-7727
-13098
1871
-9805
-19566
-20286
4648
-26206
23107
19459
15422
-30760
-18268
22107
15975
32689
-30194
5737
-12730
10258
13632
25310
22001
30876
5170
18972
9547
22631
-29703
44
-10264
-16500
-3371
-4473
-23190
-18487
16148
-30520
-24957
-5189
1257
10590
31070
19000
12882
27697
-11621
20699
1872
13376
15327
-12577
11067
18756
29132
-19839
-20519
23099
21265
1523
-1580
299
31926
-1829
6745
13529
13444
2582
-19998
15338
22190
-14346
-30734
6376
28989
18460
26407
13629
-6130
4268
21752
2003
13758
29212
28306
28326
-1124
-28278
-2560
-14138
-20468
-25349
-10621
-20795
-31632
-9926
19804
-5071
30616
13168
3936
-21677
-31343
7264
17767
-3984
31455
-17271
30852
-23167
16002
2995
11949
-15421
-25941
29935
-17761
32298
-26931
-10787
7818
973
14681
63
27645
25316
11822
16445
-18473
-6122
-231
-5431
-32091
-11884
22965
-22590
29829
-22659
16838
-30398
14144
-5170
-14620
11920
-9432
-18724
21004
26998
14622
-32091
3020
26245
-32487
22839
-598
11527
28561
-27897
-4747
31294
-17089
32238
13644
13265
-22983
19398
-20675
-31431
19050
-24841
-44
-27305
-27436
28312
-15360
-16319
5545
21463
-9922
-26818
2812
30412
10882
-17455
28650
-793
-32316
-15807
-6278
32459
26357
16644
-4766
-21486
-27219
-15249
12941
12392
-7163
1480
13331
-4581
28576
-20553
-32291
5982
27104
-4675
-15330
-18502
17023
10435
26680
28650
1420
17866
9801
5933
-10459
-20763
13437
-8090
-21387
23152
14565
31194
-29585
13253
22064
30470
9312
-23008
-7701
-26740
28964
-28924
539
-23415
21410
-11177
-2939
-14092
-18480
24142
-31354
-9640
-25955
-31843
-10082
-24284
14897
-27161
-30364
24491
8710
-29238
-30864
29787
6396
4016
32081
11356
11875
18426
-17713
1925
-19766
-5335
-17089
-11857
-14299
-22619
10139
25430
-20353
22272
-31818
14462
12183
6625
-31114
-29594
-18821
18432
17848
-21903
-4012
29706
-10863
-15256
-11063
-17362
-31198
-26981
666
87
5531
1997
3839
-12242
-14966
-18162
-29381
-31867
-31262
6197
-26369
-30418
31846
-21601
-31167
-28383
22590
28556
1658
15433
-22510
30491
-27630
25207
12182
-15822
-365
-25629
-3506
-30128
24932
19950
